[6500.00000000 250.00000000 40.00000000 0.21040987]
[6500.00000000 230.00000000 40.00000000 0.21040987]
[6500.00000000 210.00000000 40.00000000 0.21040987]
[6500.00000000 190.00000000 40.00000000 0.26893461]
[6500.00000000 170.00000000 40.00000000 0.33000170]
[6500.00000000 150.00000000 40.00000000 0.36054536]
[6500.00000000 130.00000000 40.00000000 0.41975998]
[6500.00000000 110.00000000 40.00000000 0.41975998]
[6500.00000000 90.00000000 40.00000000 0.43998254]
[6500.00000000 70.00000000 40.00000000 0.48479820]
[6500.00000000 50.00000000 40.00000000 0.47375478]
[6200.00000000 250.00000000 40.00000000 0.21604581]
[6200.00000000 230.00000000 40.00000000 0.21604581]
[6200.00000000 210.00000000 40.00000000 0.28565733]
[6200.00000000 190.00000000 40.00000000 0.28565733]
[6200.00000000 170.00000000 40.00000000 0.34793612]
[6200.00000000 150.00000000 40.00000000 0.38281337]
[6200.00000000 130.00000000 40.00000000 0.44329214]
[6200.00000000 110.00000000 40.00000000 0.44028052]
[6200.00000000 90.00000000 40.00000000 0.46235640]
[6200.00000000 70.00000000 40.00000000 0.50241320]
[6200.00000000 50.00000000 40.00000000 0.48441213]
[5900.00000000 250.00000000 40.00000000 0.36153503]
[5900.00000000 230.00000000 40.00000000 0.36153503]
[5900.00000000 210.00000000 40.00000000 0.41096114]
[5900.00000000 190.00000000 40.00000000 0.41096114]
[5900.00000000 170.00000000 40.00000000 0.46966848]
[5900.00000000 150.00000000 40.00000000 0.46966848]
[5900.00000000 130.00000000 40.00000000 0.46966848]
[5900.00000000 110.00000000 40.00000000 0.46623640]
[5900.00000000 90.00000000 40.00000000 0.50601725]
[5900.00000000 70.00000000 40.00000000 0.51080713]
[5900.00000000 50.00000000 40.00000000 0.48869478]
[5600.00000000 250.00000000 40.00000000 0.45044754]
[5600.00000000 230.00000000 40.00000000 0.45044754]
[5600.00000000 210.00000000 40.00000000 0.49600501]
[5600.00000000 190.00000000 40.00000000 0.49600501]
[5600.00000000 170.00000000 40.00000000 0.49600501]
[5600.00000000 150.00000000 40.00000000 0.49600501]
[5600.00000000 130.00000000 40.00000000 0.49600501]
[5600.00000000 110.00000000 40.00000000 0.49014346]
[5600.00000000 90.00000000 40.00000000 0.52869383]
[5600.00000000 70.00000000 40.00000000 0.50943484]
[5600.00000000 50.00000000 40.00000000 0.47837237]
[5300.00000000 250.00000000 40.00000000 0.55024092]
[5300.00000000 230.00000000 40.00000000 0.55024092]
[5300.00000000 210.00000000 40.00000000 0.55024092]
[5300.00000000 190.00000000 40.00000000 0.55024092]
[5300.00000000 170.00000000 40.00000000 0.55024092]
[5300.00000000 150.00000000 40.00000000 0.55024092]
[5300.00000000 130.00000000 40.00000000 0.55024092]
[5300.00000000 110.00000000 40.00000000 0.57147748]
[5300.00000000 90.00000000 40.00000000 0.56075439]
[5300.00000000 70.00000000 40.00000000 0.52289429]
[5300.00000000 50.00000000 40.00000000 0.47845462]
[5000.00000000 250.00000000 40.00000000 0.58973491]
[5000.00000000 230.00000000 40.00000000 0.58973491]
[5000.00000000 210.00000000 40.00000000 0.58973491]
[5000.00000000 190.00000000 40.00000000 0.58973491]
[5000.00000000 170.00000000 40.00000000 0.58973491]
[5000.00000000 150.00000000 40.00000000 0.58973491]
[5000.00000000 130.00000000 40.00000000 0.58973491]
[5000.00000000 110.00000000 40.00000000 0.57323553]
[5000.00000000 90.00000000 40.00000000 0.55893815]
[5000.00000000 70.00000000 40.00000000 0.51381329]
[5000.00000000 50.00000000 40.00000000 0.45672500]
[4700.00000000 250.00000000 40.00000000 0.59240566]
[4700.00000000 230.00000000 40.00000000 0.59240566]
[4700.00000000 210.00000000 40.00000000 0.59240566]
[4700.00000000 190.00000000 40.00000000 0.59240566]
[4700.00000000 170.00000000 40.00000000 0.59240566]
[4700.00000000 150.00000000 40.00000000 0.56925936]
[4700.00000000 130.00000000 40.00000000 0.56925936]
[4700.00000000 110.00000000 40.00000000 0.53324558]
[4700.00000000 90.00000000 40.00000000 0.49906616]
[4700.00000000 70.00000000 40.00000000 0.46340328]
[4700.00000000 50.00000000 40.00000000 0.40302087]
[4400.00000000 250.00000000 40.00000000 0.55050356]
[4400.00000000 230.00000000 40.00000000 0.53514665]
[4400.00000000 210.00000000 40.00000000 0.49268366]
[4400.00000000 190.00000000 40.00000000 0.49268366]
[4400.00000000 170.00000000 40.00000000 0.48379810]
[4400.00000000 150.00000000 40.00000000 0.48379810]
[4400.00000000 130.00000000 40.00000000 0.47045266]
[4400.00000000 110.00000000 40.00000000 0.45515992]
[4400.00000000 90.00000000 40.00000000 0.42009617]
[4400.00000000 70.00000000 40.00000000 0.39267994]
[4400.00000000 50.00000000 40.00000000 0.33978180]
[4100.00000000 250.00000000 40.00000000 0.40316665]
[4100.00000000 230.00000000 40.00000000 0.40316665]
[4100.00000000 210.00000000 40.00000000 0.39488902]
[4100.00000000 190.00000000 40.00000000 0.39488902]
[4100.00000000 170.00000000 40.00000000 0.39488902]
[4100.00000000 150.00000000 40.00000000 0.39488902]
[4100.00000000 130.00000000 40.00000000 0.39983947]
[4100.00000000 110.00000000 40.00000000 0.38562344]
[4100.00000000 90.00000000 40.00000000 0.36033895]
[4100.00000000 70.00000000 40.00000000 0.33319796]
[4100.00000000 50.00000000 40.00000000 0.28335771]
[3800.00000000 250.00000000 40.00000000 0.36526710]
[3800.00000000 230.00000000 40.00000000 0.35629496]
[3800.00000000 210.00000000 40.00000000 0.33897186]
[3800.00000000 190.00000000 40.00000000 0.33897186]
[3800.00000000 170.00000000 40.00000000 0.33350168]
[3800.00000000 150.00000000 40.00000000 0.33350168]
[3800.00000000 130.00000000 40.00000000 0.33126591]
[3800.00000000 110.00000000 40.00000000 0.30836511]
[3800.00000000 90.00000000 40.00000000 0.29873735]
[3800.00000000 70.00000000 40.00000000 0.26406184]
[3800.00000000 50.00000000 40.00000000 0.22647301]
[3500.00000000 250.00000000 40.00000000 0.28864666]
[3500.00000000 230.00000000 40.00000000 0.28864666]
[3500.00000000 210.00000000 40.00000000 0.27784699]
[3500.00000000 190.00000000 40.00000000 0.27340293]
[3500.00000000 170.00000000 40.00000000 0.26607882]
[3500.00000000 150.00000000 40.00000000 0.27253052]
[3500.00000000 130.00000000 40.00000000 0.26332440]
[3500.00000000 110.00000000 40.00000000 0.24503135]
[3500.00000000 90.00000000 40.00000000 0.23934693]
[3500.00000000 70.00000000 40.00000000 0.21493596]
[3500.00000000 50.00000000 40.00000000 0.18823063]
