[6500.00000000 250.00000000 40.00000000 0.00000000]
[6500.00000000 230.00000000 40.00000000 0.00000000]
[6500.00000000 210.00000000 40.00000000 0.00000000]
[6500.00000000 190.00000000 40.00000000 0.00000000]
[6500.00000000 170.00000000 40.00000000 0.00000000]
[6500.00000000 150.00000000 40.00000000 0.00000000]
[6500.00000000 130.00000000 40.00000000 0.00000000]
[6500.00000000 110.00000000 40.00000000 0.00000000]
[6500.00000000 90.00000000 40.00000000 0.00000000]
[6500.00000000 70.00000000 40.00000000 0.00000000]
[6500.00000000 50.00000000 40.00000000 0.00493257]
[6200.00000000 250.00000000 40.00000000 0.00000000]
[6200.00000000 230.00000000 40.00000000 0.00000000]
[6200.00000000 210.00000000 40.00000000 0.00000000]
[6200.00000000 190.00000000 40.00000000 0.00000000]
[6200.00000000 170.00000000 40.00000000 0.00000000]
[6200.00000000 150.00000000 40.00000000 0.00000000]
[6200.00000000 130.00000000 40.00000000 0.00000000]
[6200.00000000 110.00000000 40.00000000 0.00000000]
[6200.00000000 90.00000000 40.00000000 0.00000000]
[6200.00000000 70.00000000 40.00000000 0.00460377]
[6200.00000000 50.00000000 40.00000000 0.00514492]
[5900.00000000 250.00000000 40.00000000 0.00000000]
[5900.00000000 230.00000000 40.00000000 0.00000000]
[5900.00000000 210.00000000 40.00000000 0.00000000]
[5900.00000000 190.00000000 40.00000000 0.00000000]
[5900.00000000 170.00000000 40.00000000 0.00000000]
[5900.00000000 150.00000000 40.00000000 0.00000000]
[5900.00000000 130.00000000 40.00000000 0.00000000]
[5900.00000000 110.00000000 40.00000000 0.00000000]
[5900.00000000 90.00000000 40.00000000 0.00000000]
[5900.00000000 70.00000000 40.00000000 0.00509528]
[5900.00000000 50.00000000 40.00000000 0.00560989]
[5600.00000000 250.00000000 40.00000000 0.00000000]
[5600.00000000 230.00000000 40.00000000 0.00000000]
[5600.00000000 210.00000000 40.00000000 0.00000000]
[5600.00000000 190.00000000 40.00000000 0.00000000]
[5600.00000000 170.00000000 40.00000000 0.00000000]
[5600.00000000 150.00000000 40.00000000 0.00000000]
[5600.00000000 130.00000000 40.00000000 0.00000000]
[5600.00000000 110.00000000 40.00000000 0.00000000]
[5600.00000000 90.00000000 40.00000000 0.00000000]
[5600.00000000 70.00000000 40.00000000 0.00513511]
[5600.00000000 50.00000000 40.00000000 0.00563767]
[5300.00000000 250.00000000 40.00000000 0.00000000]
[5300.00000000 230.00000000 40.00000000 0.00000000]
[5300.00000000 210.00000000 40.00000000 0.00000000]
[5300.00000000 190.00000000 40.00000000 0.00000000]
[5300.00000000 170.00000000 40.00000000 0.00000000]
[5300.00000000 150.00000000 40.00000000 0.00000000]
[5300.00000000 130.00000000 40.00000000 0.00000000]
[5300.00000000 110.00000000 40.00000000 0.00000000]
[5300.00000000 90.00000000 40.00000000 0.00000000]
[5300.00000000 70.00000000 40.00000000 0.00653026]
[5300.00000000 50.00000000 40.00000000 0.00787222]
[5000.00000000 250.00000000 40.00000000 0.00000000]
[5000.00000000 230.00000000 40.00000000 0.00000000]
[5000.00000000 210.00000000 40.00000000 0.00000000]
[5000.00000000 190.00000000 40.00000000 0.00000000]
[5000.00000000 170.00000000 40.00000000 0.00000000]
[5000.00000000 150.00000000 40.00000000 0.00000000]
[5000.00000000 130.00000000 40.00000000 0.00389579]
[5000.00000000 110.00000000 40.00000000 0.00384209]
[5000.00000000 90.00000000 40.00000000 0.00532216]
[5000.00000000 70.00000000 40.00000000 0.01218789]
[5000.00000000 50.00000000 40.00000000 0.01135784]
[4700.00000000 250.00000000 40.00000000 0.00000000]
[4700.00000000 230.00000000 40.00000000 0.00000000]
[4700.00000000 210.00000000 40.00000000 0.00000000]
[4700.00000000 190.00000000 40.00000000 0.00000000]
[4700.00000000 170.00000000 40.00000000 0.00000000]
[4700.00000000 150.00000000 40.00000000 0.00000000]
[4700.00000000 130.00000000 40.00000000 0.00418709]
[4700.00000000 110.00000000 40.00000000 0.00404709]
[4700.00000000 90.00000000 40.00000000 0.00632129]
[4700.00000000 70.00000000 40.00000000 0.01338466]
[4700.00000000 50.00000000 40.00000000 0.01408733]
[4400.00000000 250.00000000 40.00000000 0.00000000]
[4400.00000000 230.00000000 40.00000000 0.00000000]
[4400.00000000 210.00000000 40.00000000 0.00000000]
[4400.00000000 190.00000000 40.00000000 0.00000000]
[4400.00000000 170.00000000 40.00000000 0.00000000]
[4400.00000000 150.00000000 40.00000000 0.00000000]
[4400.00000000 130.00000000 40.00000000 0.00479904]
[4400.00000000 110.00000000 40.00000000 0.00461730]
[4400.00000000 90.00000000 40.00000000 0.00869373]
[4400.00000000 70.00000000 40.00000000 0.01507457]
[4400.00000000 50.00000000 40.00000000 0.01813658]
[4100.00000000 250.00000000 40.00000000 0.00000000]
[4100.00000000 230.00000000 40.00000000 0.00000000]
[4100.00000000 210.00000000 40.00000000 0.00000000]
[4100.00000000 190.00000000 40.00000000 0.00000000]
[4100.00000000 170.00000000 40.00000000 0.00000000]
[4100.00000000 150.00000000 40.00000000 0.00761751]
[4100.00000000 130.00000000 40.00000000 0.01236611]
[4100.00000000 110.00000000 40.00000000 0.01180873]
[4100.00000000 90.00000000 40.00000000 0.02123317]
[4100.00000000 70.00000000 40.00000000 0.02383335]
[4100.00000000 50.00000000 40.00000000 0.02354698]
[3800.00000000 250.00000000 40.00000000 0.00000000]
[3800.00000000 230.00000000 40.00000000 0.00000000]
[3800.00000000 210.00000000 40.00000000 0.00000000]
[3800.00000000 190.00000000 40.00000000 0.00000000]
[3800.00000000 170.00000000 40.00000000 0.00000000]
[3800.00000000 150.00000000 40.00000000 0.00773494]
[3800.00000000 130.00000000 40.00000000 0.01316990]
[3800.00000000 110.00000000 40.00000000 0.01299616]
[3800.00000000 90.00000000 40.00000000 0.02290132]
[3800.00000000 70.00000000 40.00000000 0.02741073]
[3800.00000000 50.00000000 40.00000000 0.02593128]
[3500.00000000 250.00000000 40.00000000 0.00000000]
[3500.00000000 230.00000000 40.00000000 0.00000000]
[3500.00000000 210.00000000 40.00000000 0.00000000]
[3500.00000000 190.00000000 40.00000000 0.00000000]
[3500.00000000 170.00000000 40.00000000 0.00000000]
[3500.00000000 150.00000000 40.00000000 0.00861344]
[3500.00000000 130.00000000 40.00000000 0.01409422]
[3500.00000000 110.00000000 40.00000000 0.02097484]
[3500.00000000 90.00000000 40.00000000 0.02451728]
[3500.00000000 70.00000000 40.00000000 0.02920853]
[3500.00000000 50.00000000 40.00000000 0.03220174]
