[3455.00000000 49.00000000 40.00000000 0.03292537]
[3455.00000000 48.00000000 40.00000000 0.03453697]
[3455.00000000 47.00000000 40.00000000 0.03366612]
[3452.00000000 49.00000000 40.00000000 0.03307430]
[3452.00000000 48.00000000 40.00000000 0.03468387]
[3452.00000000 47.00000000 40.00000000 0.03373310]
[3449.00000000 49.00000000 40.00000000 0.03314083]
[3449.00000000 48.00000000 40.00000000 0.03471463]
[3449.00000000 47.00000000 40.00000000 0.03374913]
[3446.00000000 49.00000000 40.00000000 0.03308533]
[3446.00000000 48.00000000 40.00000000 0.03468249]
[3446.00000000 47.00000000 40.00000000 0.03371876]
[3443.00000000 49.00000000 40.00000000 0.03305528]
[3443.00000000 48.00000000 40.00000000 0.03465041]
[3443.00000000 47.00000000 40.00000000 0.03368688]
[3440.00000000 49.00000000 40.00000000 0.03300739]
[3440.00000000 48.00000000 40.00000000 0.03459946]
[3440.00000000 47.00000000 40.00000000 0.03363781]
[3437.00000000 49.00000000 40.00000000 0.03296415]
[3437.00000000 48.00000000 40.00000000 0.03455366]
[3437.00000000 47.00000000 40.00000000 0.03334322]
[3434.00000000 49.00000000 40.00000000 0.03295736]
[3434.00000000 48.00000000 40.00000000 0.03454545]
[3434.00000000 47.00000000 40.00000000 0.03333561]
[3431.00000000 49.00000000 40.00000000 0.03292289]
[3431.00000000 48.00000000 40.00000000 0.03450879]
[3431.00000000 47.00000000 40.00000000 0.03330071]
[3428.00000000 49.00000000 40.00000000 0.03293335]
[3428.00000000 48.00000000 40.00000000 0.03451853]
[3428.00000000 47.00000000 40.00000000 0.03330982]
[3425.00000000 49.00000000 40.00000000 0.03291488]
[3425.00000000 48.00000000 40.00000000 0.03449819]
[3425.00000000 47.00000000 40.00000000 0.03329016]
