[4355.00000000 131.00000000 40.00000000 0.34074926]
[4355.00000000 130.00000000 40.00000000 0.35528104]
[4355.00000000 129.00000000 40.00000000 0.35528104]
[4352.00000000 131.00000000 40.00000000 0.34048531]
[4352.00000000 130.00000000 40.00000000 0.35500987]
[4352.00000000 129.00000000 40.00000000 0.35500987]
[4349.00000000 131.00000000 40.00000000 0.35431034]
[4349.00000000 130.00000000 40.00000000 0.35431034]
[4349.00000000 129.00000000 40.00000000 0.35431034]
[4346.00000000 131.00000000 40.00000000 0.35426672]
[4346.00000000 130.00000000 40.00000000 0.35426672]
[4346.00000000 129.00000000 40.00000000 0.35426672]
[4343.00000000 131.00000000 40.00000000 0.35483077]
[4343.00000000 130.00000000 40.00000000 0.35483077]
[4343.00000000 129.00000000 40.00000000 0.35483077]
[4340.00000000 131.00000000 40.00000000 0.35572782]
[4340.00000000 130.00000000 40.00000000 0.35572782]
[4340.00000000 129.00000000 40.00000000 0.35572782]
[4337.00000000 131.00000000 40.00000000 0.35580709]
[4337.00000000 130.00000000 40.00000000 0.35580709]
[4337.00000000 129.00000000 40.00000000 0.35580709]
[4334.00000000 131.00000000 40.00000000 0.35567581]
[4334.00000000 130.00000000 40.00000000 0.35567581]
[4334.00000000 129.00000000 40.00000000 0.35567581]
[4331.00000000 131.00000000 40.00000000 0.34580445]
[4331.00000000 130.00000000 40.00000000 0.34580445]
[4331.00000000 129.00000000 40.00000000 0.34580445]
[4328.00000000 131.00000000 40.00000000 0.34563478]
[4328.00000000 130.00000000 40.00000000 0.34563478]
[4328.00000000 129.00000000 40.00000000 0.34563478]
[4325.00000000 131.00000000 40.00000000 0.34555224]
[4325.00000000 130.00000000 40.00000000 0.34555224]
[4325.00000000 129.00000000 40.00000000 0.34555224]
