[4550.00000000 140.00000000 40.00000000 0.33663236]
[4550.00000000 138.00000000 40.00000000 0.33663236]
[4550.00000000 136.00000000 40.00000000 0.33663236]
[4550.00000000 134.00000000 40.00000000 0.33663236]
[4550.00000000 132.00000000 40.00000000 0.33663236]
[4550.00000000 130.00000000 40.00000000 0.33663236]
[4550.00000000 128.00000000 40.00000000 0.35198671]
[4550.00000000 126.00000000 40.00000000 0.35198671]
[4550.00000000 124.00000000 40.00000000 0.35198671]
[4550.00000000 122.00000000 40.00000000 0.33758118]
[4550.00000000 120.00000000 40.00000000 0.33758118]
[4520.00000000 140.00000000 40.00000000 0.33736842]
[4520.00000000 138.00000000 40.00000000 0.33736842]
[4520.00000000 136.00000000 40.00000000 0.33736842]
[4520.00000000 134.00000000 40.00000000 0.33736842]
[4520.00000000 132.00000000 40.00000000 0.33736842]
[4520.00000000 130.00000000 40.00000000 0.33736842]
[4520.00000000 128.00000000 40.00000000 0.35278379]
[4520.00000000 126.00000000 40.00000000 0.35278379]
[4520.00000000 124.00000000 40.00000000 0.35278379]
[4520.00000000 122.00000000 40.00000000 0.33830177]
[4520.00000000 120.00000000 40.00000000 0.33830177]
[4490.00000000 140.00000000 40.00000000 0.33747060]
[4490.00000000 138.00000000 40.00000000 0.33747060]
[4490.00000000 136.00000000 40.00000000 0.33747060]
[4490.00000000 134.00000000 40.00000000 0.33747060]
[4490.00000000 132.00000000 40.00000000 0.33747060]
[4490.00000000 130.00000000 40.00000000 0.35285931]
[4490.00000000 128.00000000 40.00000000 0.35285931]
[4490.00000000 126.00000000 40.00000000 0.35285931]
[4490.00000000 124.00000000 40.00000000 0.35285931]
[4490.00000000 122.00000000 40.00000000 0.33818358]
[4490.00000000 120.00000000 40.00000000 0.33818358]
[4460.00000000 140.00000000 40.00000000 0.33706549]
[4460.00000000 138.00000000 40.00000000 0.33706549]
[4460.00000000 136.00000000 40.00000000 0.33706549]
[4460.00000000 134.00000000 40.00000000 0.33706549]
[4460.00000000 132.00000000 40.00000000 0.33706549]
[4460.00000000 130.00000000 40.00000000 0.35254066]
[4460.00000000 128.00000000 40.00000000 0.35254066]
[4460.00000000 126.00000000 40.00000000 0.35254066]
[4460.00000000 124.00000000 40.00000000 0.35254066]
[4460.00000000 122.00000000 40.00000000 0.33768116]
[4460.00000000 120.00000000 40.00000000 0.33768116]
[4430.00000000 140.00000000 40.00000000 0.33626829]
[4430.00000000 138.00000000 40.00000000 0.33626829]
[4430.00000000 136.00000000 40.00000000 0.33626829]
[4430.00000000 134.00000000 40.00000000 0.33626829]
[4430.00000000 132.00000000 40.00000000 0.33626829]
[4430.00000000 130.00000000 40.00000000 0.35176825]
[4430.00000000 128.00000000 40.00000000 0.35176825]
[4430.00000000 126.00000000 40.00000000 0.35176825]
[4430.00000000 124.00000000 40.00000000 0.35176825]
[4430.00000000 122.00000000 40.00000000 0.33697741]
[4430.00000000 120.00000000 40.00000000 0.32722818]
[4400.00000000 140.00000000 40.00000000 0.33956426]
[4400.00000000 138.00000000 40.00000000 0.33956426]
[4400.00000000 136.00000000 40.00000000 0.33956426]
[4400.00000000 134.00000000 40.00000000 0.33956426]
[4400.00000000 132.00000000 40.00000000 0.33956426]
[4400.00000000 130.00000000 40.00000000 0.35456132]
[4400.00000000 128.00000000 40.00000000 0.35456132]
[4400.00000000 126.00000000 40.00000000 0.35456132]
[4400.00000000 124.00000000 40.00000000 0.35456132]
[4400.00000000 122.00000000 40.00000000 0.33913458]
[4400.00000000 120.00000000 40.00000000 0.32916811]
[4370.00000000 140.00000000 40.00000000 0.34039004]
[4370.00000000 138.00000000 40.00000000 0.34039004]
[4370.00000000 136.00000000 40.00000000 0.34039004]
[4370.00000000 134.00000000 40.00000000 0.34039004]
[4370.00000000 132.00000000 40.00000000 0.34039004]
[4370.00000000 130.00000000 40.00000000 0.35507067]
[4370.00000000 128.00000000 40.00000000 0.35507067]
[4370.00000000 126.00000000 40.00000000 0.35507067]
[4370.00000000 124.00000000 40.00000000 0.35507067]
[4370.00000000 122.00000000 40.00000000 0.33877454]
[4370.00000000 120.00000000 40.00000000 0.32877970]
[4340.00000000 140.00000000 40.00000000 0.34114351]
[4340.00000000 138.00000000 40.00000000 0.34114351]
[4340.00000000 136.00000000 40.00000000 0.34114351]
[4340.00000000 134.00000000 40.00000000 0.34114351]
[4340.00000000 132.00000000 40.00000000 0.34114351]
[4340.00000000 130.00000000 40.00000000 0.35572782]
[4340.00000000 128.00000000 40.00000000 0.35572782]
[4340.00000000 126.00000000 40.00000000 0.35572782]
[4340.00000000 124.00000000 40.00000000 0.35572782]
[4340.00000000 122.00000000 40.00000000 0.33900094]
[4340.00000000 120.00000000 40.00000000 0.32908367]
[4310.00000000 140.00000000 40.00000000 0.32759463]
[4310.00000000 138.00000000 40.00000000 0.32759463]
[4310.00000000 136.00000000 40.00000000 0.32759463]
[4310.00000000 134.00000000 40.00000000 0.32759463]
[4310.00000000 132.00000000 40.00000000 0.32759463]
[4310.00000000 130.00000000 40.00000000 0.34199646]
[4310.00000000 128.00000000 40.00000000 0.34199646]
[4310.00000000 126.00000000 40.00000000 0.34199646]
[4310.00000000 124.00000000 40.00000000 0.34199646]
[4310.00000000 122.00000000 40.00000000 0.32641786]
[4310.00000000 120.00000000 40.00000000 0.31673961]
[4280.00000000 140.00000000 40.00000000 0.32759665]
[4280.00000000 138.00000000 40.00000000 0.32759665]
[4280.00000000 136.00000000 40.00000000 0.32759665]
[4280.00000000 134.00000000 40.00000000 0.32759665]
[4280.00000000 132.00000000 40.00000000 0.34173505]
[4280.00000000 130.00000000 40.00000000 0.34173505]
[4280.00000000 128.00000000 40.00000000 0.34173505]
[4280.00000000 126.00000000 40.00000000 0.34173505]
[4280.00000000 124.00000000 40.00000000 0.34173505]
[4280.00000000 122.00000000 40.00000000 0.31574957]
[4280.00000000 120.00000000 40.00000000 0.31574957]
[4250.00000000 140.00000000 40.00000000 0.32122938]
[4250.00000000 138.00000000 40.00000000 0.32122938]
[4250.00000000 136.00000000 40.00000000 0.32122938]
[4250.00000000 134.00000000 40.00000000 0.32122938]
[4250.00000000 132.00000000 40.00000000 0.33593660]
[4250.00000000 130.00000000 40.00000000 0.32435130]
[4250.00000000 128.00000000 40.00000000 0.32435130]
[4250.00000000 126.00000000 40.00000000 0.32435130]
[4250.00000000 124.00000000 40.00000000 0.32435130]
[4250.00000000 122.00000000 40.00000000 0.30040053]
[4250.00000000 120.00000000 40.00000000 0.30040053]
