[2500.00000000 40.00000000 40.00000000 0.07045533]
[2500.00000000 50.00000000 40.00000000 0.08401833]
[2500.00000000 60.00000000 40.00000000 0.09336292]
[2500.00000000 70.00000000 40.00000000 0.09518016]
[2500.00000000 80.00000000 40.00000000 0.09826013]
[2500.00000000 90.00000000 40.00000000 0.10115630]
[2500.00000000 100.00000000 40.00000000 0.10272383]
[2500.00000000 110.00000000 40.00000000 0.10813726]
[2500.00000000 120.00000000 40.00000000 0.10986336]
[2500.00000000 130.00000000 40.00000000 0.11605798]
[2500.00000000 140.00000000 40.00000000 0.11703754]
[2500.00000000 150.00000000 40.00000000 0.11591149]
[2500.00000000 160.00000000 40.00000000 0.11591149]
[2600.00000000 40.00000000 40.00000000 0.07238758]
[2600.00000000 50.00000000 40.00000000 0.08564066]
[2600.00000000 60.00000000 40.00000000 0.09185924]
[2600.00000000 70.00000000 40.00000000 0.09407270]
[2600.00000000 80.00000000 40.00000000 0.09650165]
[2600.00000000 90.00000000 40.00000000 0.09948814]
[2600.00000000 100.00000000 40.00000000 0.10065328]
[2600.00000000 110.00000000 40.00000000 0.10618134]
[2600.00000000 120.00000000 40.00000000 0.10739034]
[2600.00000000 130.00000000 40.00000000 0.11357302]
[2600.00000000 140.00000000 40.00000000 0.11450332]
[2600.00000000 150.00000000 40.00000000 0.11258971]
[2600.00000000 160.00000000 40.00000000 0.11319398]
[2700.00000000 40.00000000 40.00000000 0.07676045]
[2700.00000000 50.00000000 40.00000000 0.08971798]
[2700.00000000 60.00000000 40.00000000 0.09645322]
[2700.00000000 70.00000000 40.00000000 0.09891777]
[2700.00000000 80.00000000 40.00000000 0.10191850]
[2700.00000000 90.00000000 40.00000000 0.10484297]
[2700.00000000 100.00000000 40.00000000 0.10556783]
[2700.00000000 110.00000000 40.00000000 0.10912820]
[2700.00000000 120.00000000 40.00000000 0.10986227]
[2700.00000000 130.00000000 40.00000000 0.11585646]
[2700.00000000 140.00000000 40.00000000 0.11676339]
[2700.00000000 150.00000000 40.00000000 0.11471573]
[2700.00000000 160.00000000 40.00000000 0.11533094]
[2800.00000000 40.00000000 40.00000000 0.08074709]
[2800.00000000 50.00000000 40.00000000 0.09306261]
[2800.00000000 60.00000000 40.00000000 0.09997603]
[2800.00000000 70.00000000 40.00000000 0.10221941]
[2800.00000000 80.00000000 40.00000000 0.10533254]
[2800.00000000 90.00000000 40.00000000 0.10828318]
[2800.00000000 100.00000000 40.00000000 0.10991713]
[2800.00000000 110.00000000 40.00000000 0.11326420]
[2800.00000000 120.00000000 40.00000000 0.11402661]
[2800.00000000 130.00000000 40.00000000 0.12039344]
[2800.00000000 140.00000000 40.00000000 0.12188003]
[2800.00000000 150.00000000 40.00000000 0.11982913]
[2800.00000000 160.00000000 40.00000000 0.12047574]
[2900.00000000 40.00000000 40.00000000 0.08397041]
[2900.00000000 50.00000000 40.00000000 0.09379321]
[2900.00000000 60.00000000 40.00000000 0.09980118]
[2900.00000000 70.00000000 40.00000000 0.10476561]
[2900.00000000 80.00000000 40.00000000 0.10882685]
[2900.00000000 90.00000000 40.00000000 0.11175597]
[2900.00000000 100.00000000 40.00000000 0.11288344]
[2900.00000000 110.00000000 40.00000000 0.11587037]
[2900.00000000 120.00000000 40.00000000 0.11755241]
[2900.00000000 130.00000000 40.00000000 0.12334736]
[2900.00000000 140.00000000 40.00000000 0.12428856]
[2900.00000000 150.00000000 40.00000000 0.12226698]
[2900.00000000 160.00000000 40.00000000 0.10988139]
[3000.00000000 40.00000000 40.00000000 0.08725836]
[3000.00000000 50.00000000 40.00000000 0.09742188]
[3000.00000000 60.00000000 40.00000000 0.10352489]
[3000.00000000 70.00000000 40.00000000 0.10279274]
[3000.00000000 80.00000000 40.00000000 0.10958810]
[3000.00000000 90.00000000 40.00000000 0.11259844]
[3000.00000000 100.00000000 40.00000000 0.11373355]
[3000.00000000 110.00000000 40.00000000 0.11683292]
[3000.00000000 120.00000000 40.00000000 0.11878743]
[3000.00000000 130.00000000 40.00000000 0.12452756]
[3000.00000000 140.00000000 40.00000000 0.12655334]
[3000.00000000 150.00000000 40.00000000 0.12547513]
[3000.00000000 160.00000000 40.00000000 0.10601743]
[3100.00000000 40.00000000 40.00000000 0.08947175]
[3100.00000000 50.00000000 40.00000000 0.09943264]
[3100.00000000 60.00000000 40.00000000 0.10417261]
[3100.00000000 70.00000000 40.00000000 0.10495388]
[3100.00000000 80.00000000 40.00000000 0.11163061]
[3100.00000000 90.00000000 40.00000000 0.11447025]
[3100.00000000 100.00000000 40.00000000 0.11554664]
[3100.00000000 110.00000000 40.00000000 0.11955944]
[3100.00000000 120.00000000 40.00000000 0.12162199]
[3100.00000000 130.00000000 40.00000000 0.12419375]
[3100.00000000 140.00000000 40.00000000 0.12614331]
[3100.00000000 150.00000000 40.00000000 0.11320946]
[3100.00000000 160.00000000 40.00000000 0.10838616]
[3200.00000000 40.00000000 40.00000000 0.09184134]
[3200.00000000 50.00000000 40.00000000 0.10126127]
[3200.00000000 60.00000000 40.00000000 0.10636937]
[3200.00000000 70.00000000 40.00000000 0.10742353]
[3200.00000000 80.00000000 40.00000000 0.11060473]
[3200.00000000 90.00000000 40.00000000 0.11398654]
[3200.00000000 100.00000000 40.00000000 0.11481606]
[3200.00000000 110.00000000 40.00000000 0.11600117]
[3200.00000000 120.00000000 40.00000000 0.11800316]
[3200.00000000 130.00000000 40.00000000 0.12028876]
[3200.00000000 140.00000000 40.00000000 0.12187935]
[3200.00000000 150.00000000 40.00000000 0.10942545]
[3200.00000000 160.00000000 40.00000000 0.11003246]
[3300.00000000 40.00000000 40.00000000 0.09412891]
[3300.00000000 50.00000000 40.00000000 0.10309197]
[3300.00000000 60.00000000 40.00000000 0.10792857]
[3300.00000000 70.00000000 40.00000000 0.10854663]
[3300.00000000 80.00000000 40.00000000 0.11191331]
[3300.00000000 90.00000000 40.00000000 0.11606690]
[3300.00000000 100.00000000 40.00000000 0.11842143]
[3300.00000000 110.00000000 40.00000000 0.11681128]
[3300.00000000 120.00000000 40.00000000 0.12154448]
[3300.00000000 130.00000000 40.00000000 0.12332368]
[3300.00000000 140.00000000 40.00000000 0.12405003]
[3300.00000000 150.00000000 40.00000000 0.10960365]
[3300.00000000 160.00000000 40.00000000 0.10960365]
[3400.00000000 40.00000000 40.00000000 0.09673761]
[3400.00000000 50.00000000 40.00000000 0.10508491]
[3400.00000000 60.00000000 40.00000000 0.10671016]
[3400.00000000 70.00000000 40.00000000 0.11038805]
[3400.00000000 80.00000000 40.00000000 0.11226504]
[3400.00000000 90.00000000 40.00000000 0.11621502]
[3400.00000000 100.00000000 40.00000000 0.11580172]
[3400.00000000 110.00000000 40.00000000 0.11917864]
[3400.00000000 120.00000000 40.00000000 0.12404342]
[3400.00000000 130.00000000 40.00000000 0.12657455]
[3400.00000000 140.00000000 40.00000000 0.12772586]
[3400.00000000 150.00000000 40.00000000 0.11307726]
[3400.00000000 160.00000000 40.00000000 0.11307726]
[3500.00000000 40.00000000 40.00000000 0.10128617]
[3500.00000000 50.00000000 40.00000000 0.10734371]
[3500.00000000 60.00000000 40.00000000 0.10959806]
[3500.00000000 70.00000000 40.00000000 0.11382508]
[3500.00000000 80.00000000 40.00000000 0.11636019]
[3500.00000000 90.00000000 40.00000000 0.11967022]
[3500.00000000 100.00000000 40.00000000 0.11918428]
[3500.00000000 110.00000000 40.00000000 0.12218132]
[3500.00000000 120.00000000 40.00000000 0.12767711]
[3500.00000000 130.00000000 40.00000000 0.12928246]
[3500.00000000 140.00000000 40.00000000 0.13023370]
[3500.00000000 150.00000000 40.00000000 0.11440205]
[3500.00000000 160.00000000 40.00000000 0.11440205]
[3600.00000000 40.00000000 40.00000000 0.10570108]
[3600.00000000 50.00000000 40.00000000 0.11143968]
[3600.00000000 60.00000000 40.00000000 0.11408616]
[3600.00000000 70.00000000 40.00000000 0.12005261]
[3600.00000000 80.00000000 40.00000000 0.12068937]
[3600.00000000 90.00000000 40.00000000 0.12435919]
[3600.00000000 100.00000000 40.00000000 0.12411414]
[3600.00000000 110.00000000 40.00000000 0.12754010]
[3600.00000000 120.00000000 40.00000000 0.13356857]
[3600.00000000 130.00000000 40.00000000 0.13532183]
[3600.00000000 140.00000000 40.00000000 0.13532183]
[3600.00000000 150.00000000 40.00000000 0.11880126]
[3600.00000000 160.00000000 40.00000000 0.11880126]
[3700.00000000 40.00000000 40.00000000 0.10982333]
[3700.00000000 50.00000000 40.00000000 0.11446428]
[3700.00000000 60.00000000 40.00000000 0.11700770]
[3700.00000000 70.00000000 40.00000000 0.12242134]
[3700.00000000 80.00000000 40.00000000 0.12438837]
[3700.00000000 90.00000000 40.00000000 0.12646069]
[3700.00000000 100.00000000 40.00000000 0.12969353]
[3700.00000000 110.00000000 40.00000000 0.13516492]
[3700.00000000 120.00000000 40.00000000 0.13749090]
[3700.00000000 130.00000000 40.00000000 0.13929902]
[3700.00000000 140.00000000 40.00000000 0.13929902]
[3700.00000000 150.00000000 40.00000000 0.12227809]
[3700.00000000 160.00000000 40.00000000 0.12227809]
[3800.00000000 40.00000000 40.00000000 0.11251562]
[3800.00000000 50.00000000 40.00000000 0.11699687]
[3800.00000000 60.00000000 40.00000000 0.11913838]
[3800.00000000 70.00000000 40.00000000 0.12312503]
[3800.00000000 80.00000000 40.00000000 0.12728845]
[3800.00000000 90.00000000 40.00000000 0.13199751]
[3800.00000000 100.00000000 40.00000000 0.13613428]
[3800.00000000 110.00000000 40.00000000 0.14355974]
[3800.00000000 120.00000000 40.00000000 0.14488041]
[3800.00000000 130.00000000 40.00000000 0.14816760]
[3800.00000000 140.00000000 40.00000000 0.14816760]
[3800.00000000 150.00000000 40.00000000 0.13153876]
[3800.00000000 160.00000000 40.00000000 0.13272464]
[3900.00000000 40.00000000 40.00000000 0.11732738]
[3900.00000000 50.00000000 40.00000000 0.12386065]
[3900.00000000 60.00000000 40.00000000 0.12486180]
[3900.00000000 70.00000000 40.00000000 0.12942926]
[3900.00000000 80.00000000 40.00000000 0.13217311]
[3900.00000000 90.00000000 40.00000000 0.13147076]
[3900.00000000 100.00000000 40.00000000 0.13600365]
[3900.00000000 110.00000000 40.00000000 0.14350145]
[3900.00000000 120.00000000 40.00000000 0.14715342]
[3900.00000000 130.00000000 40.00000000 0.15015691]
[3900.00000000 140.00000000 40.00000000 0.15015691]
[3900.00000000 150.00000000 40.00000000 0.13170902]
[3900.00000000 160.00000000 40.00000000 0.13382372]
[4000.00000000 40.00000000 40.00000000 0.11799803]
[4000.00000000 50.00000000 40.00000000 0.12630735]
[4000.00000000 60.00000000 40.00000000 0.12877236]
[4000.00000000 70.00000000 40.00000000 0.13469960]
[4000.00000000 80.00000000 40.00000000 0.13810842]
[4000.00000000 90.00000000 40.00000000 0.14008696]
[4000.00000000 100.00000000 40.00000000 0.14375015]
[4000.00000000 110.00000000 40.00000000 0.14981227]
[4000.00000000 120.00000000 40.00000000 0.15273658]
[4000.00000000 130.00000000 40.00000000 0.15645693]
[4000.00000000 140.00000000 40.00000000 0.15645693]
[4000.00000000 150.00000000 40.00000000 0.13874439]
[4000.00000000 160.00000000 40.00000000 0.13874439]
[4100.00000000 40.00000000 40.00000000 0.12118715]
[4100.00000000 50.00000000 40.00000000 0.13204599]
[4100.00000000 60.00000000 40.00000000 0.13470810]
[4100.00000000 70.00000000 40.00000000 0.14080153]
[4100.00000000 80.00000000 40.00000000 0.14531037]
[4100.00000000 90.00000000 40.00000000 0.14613386]
[4100.00000000 100.00000000 40.00000000 0.15124587]
[4100.00000000 110.00000000 40.00000000 0.15874210]
[4100.00000000 120.00000000 40.00000000 0.16207464]
[4100.00000000 130.00000000 40.00000000 0.16453545]
[4100.00000000 140.00000000 40.00000000 0.17047685]
[4100.00000000 150.00000000 40.00000000 0.14931101]
[4100.00000000 160.00000000 40.00000000 0.15143435]
[4200.00000000 40.00000000 40.00000000 0.12466408]
[4200.00000000 50.00000000 40.00000000 0.13696102]
[4200.00000000 60.00000000 40.00000000 0.13877254]
[4200.00000000 70.00000000 40.00000000 0.14385388]
[4200.00000000 80.00000000 40.00000000 0.15265845]
[4200.00000000 90.00000000 40.00000000 0.15228065]
[4200.00000000 100.00000000 40.00000000 0.15701377]
[4200.00000000 110.00000000 40.00000000 0.16547629]
[4200.00000000 120.00000000 40.00000000 0.16918385]
[4200.00000000 130.00000000 40.00000000 0.17341510]
[4200.00000000 140.00000000 40.00000000 0.17859022]
[4200.00000000 150.00000000 40.00000000 0.15651100]
[4200.00000000 160.00000000 40.00000000 0.15885477]
[4300.00000000 40.00000000 40.00000000 0.12919511]
[4300.00000000 50.00000000 40.00000000 0.14160577]
[4300.00000000 60.00000000 40.00000000 0.14066620]
[4300.00000000 70.00000000 40.00000000 0.14444618]
[4300.00000000 80.00000000 40.00000000 0.15510842]
[4300.00000000 90.00000000 40.00000000 0.15414780]
[4300.00000000 100.00000000 40.00000000 0.15798339]
[4300.00000000 110.00000000 40.00000000 0.16395755]
[4300.00000000 120.00000000 40.00000000 0.16760197]
[4300.00000000 130.00000000 40.00000000 0.17097352]
[4300.00000000 140.00000000 40.00000000 0.17097352]
[4300.00000000 150.00000000 40.00000000 0.15376363]
[4300.00000000 160.00000000 40.00000000 0.15617970]
[4400.00000000 40.00000000 40.00000000 0.12979870]
[4400.00000000 50.00000000 40.00000000 0.13765842]
[4400.00000000 60.00000000 40.00000000 0.13860894]
[4400.00000000 70.00000000 40.00000000 0.13887151]
[4400.00000000 80.00000000 40.00000000 0.14779056]
[4400.00000000 90.00000000 40.00000000 0.15292828]
[4400.00000000 100.00000000 40.00000000 0.15746026]
[4400.00000000 110.00000000 40.00000000 0.13999328]
[4400.00000000 120.00000000 40.00000000 0.14336314]
[4400.00000000 130.00000000 40.00000000 0.14627044]
[4400.00000000 140.00000000 40.00000000 0.14864865]
[4400.00000000 150.00000000 40.00000000 0.15085396]
[4400.00000000 160.00000000 40.00000000 0.15331151]
[4500.00000000 40.00000000 40.00000000 0.13078053]
[4500.00000000 50.00000000 40.00000000 0.13734051]
[4500.00000000 60.00000000 40.00000000 0.14006949]
[4500.00000000 70.00000000 40.00000000 0.13540915]
[4500.00000000 80.00000000 40.00000000 0.14468482]
[4500.00000000 90.00000000 40.00000000 0.14886228]
[4500.00000000 100.00000000 40.00000000 0.15307441]
[4500.00000000 110.00000000 40.00000000 0.12482345]
[4500.00000000 120.00000000 40.00000000 0.12797307]
[4500.00000000 130.00000000 40.00000000 0.12879837]
[4500.00000000 140.00000000 40.00000000 0.13292472]
[4500.00000000 150.00000000 40.00000000 0.13688817]
[4500.00000000 160.00000000 40.00000000 0.13918419]
[4600.00000000 40.00000000 40.00000000 0.12929713]
[4600.00000000 50.00000000 40.00000000 0.13057125]
[4600.00000000 60.00000000 40.00000000 0.13620155]
[4600.00000000 70.00000000 40.00000000 0.13670637]
[4600.00000000 80.00000000 40.00000000 0.14432404]
[4600.00000000 90.00000000 40.00000000 0.14970164]
[4600.00000000 100.00000000 40.00000000 0.15421179]
[4600.00000000 110.00000000 40.00000000 0.12301717]
[4600.00000000 120.00000000 40.00000000 0.12688607]
[4600.00000000 130.00000000 40.00000000 0.12866363]
[4600.00000000 140.00000000 40.00000000 0.13064765]
[4600.00000000 150.00000000 40.00000000 0.13430825]
[4600.00000000 160.00000000 40.00000000 0.13654861]
[4700.00000000 40.00000000 40.00000000 0.13054315]
[4700.00000000 50.00000000 40.00000000 0.13255573]
[4700.00000000 60.00000000 40.00000000 0.13699549]
[4700.00000000 70.00000000 40.00000000 0.13813159]
[4700.00000000 80.00000000 40.00000000 0.14671815]
[4700.00000000 90.00000000 40.00000000 0.15349589]
[4700.00000000 100.00000000 40.00000000 0.16135881]
[4700.00000000 110.00000000 40.00000000 0.12853723]
[4700.00000000 120.00000000 40.00000000 0.13427084]
[4700.00000000 130.00000000 40.00000000 0.13617464]
[4700.00000000 140.00000000 40.00000000 0.11308945]
[4700.00000000 150.00000000 40.00000000 0.11483788]
[4700.00000000 160.00000000 40.00000000 0.11926319]
[4800.00000000 40.00000000 40.00000000 0.12997167]
[4800.00000000 50.00000000 40.00000000 0.12449084]
[4800.00000000 60.00000000 40.00000000 0.12860943]
[4800.00000000 70.00000000 40.00000000 0.12379543]
[4800.00000000 80.00000000 40.00000000 0.13561303]
[4800.00000000 90.00000000 40.00000000 0.14287984]
[4800.00000000 100.00000000 40.00000000 0.14857497]
[4800.00000000 110.00000000 40.00000000 0.12548551]
[4800.00000000 120.00000000 40.00000000 0.11265886]
[4800.00000000 130.00000000 40.00000000 0.10117136]
[4800.00000000 140.00000000 40.00000000 0.10426474]
[4800.00000000 150.00000000 40.00000000 0.10426474]
[4800.00000000 160.00000000 40.00000000 0.10625059]
[4900.00000000 40.00000000 40.00000000 0.12760790]
[4900.00000000 50.00000000 40.00000000 0.11704089]
[4900.00000000 60.00000000 40.00000000 0.12304123]
[4900.00000000 70.00000000 40.00000000 0.12414793]
[4900.00000000 80.00000000 40.00000000 0.12942618]
[4900.00000000 90.00000000 40.00000000 0.13529437]
[4900.00000000 100.00000000 40.00000000 0.14080690]
[4900.00000000 110.00000000 40.00000000 0.11642765]
[4900.00000000 120.00000000 40.00000000 0.10052068]
[4900.00000000 130.00000000 40.00000000 0.10052068]
[4900.00000000 140.00000000 40.00000000 0.10211078]
[4900.00000000 150.00000000 40.00000000 0.10211078]
[4900.00000000 160.00000000 40.00000000 0.10638298]
[5000.00000000 40.00000000 40.00000000 0.12715851]
[5000.00000000 50.00000000 40.00000000 0.11596811]
[5000.00000000 60.00000000 40.00000000 0.12845865]
[5000.00000000 70.00000000 40.00000000 0.12903897]
[5000.00000000 80.00000000 40.00000000 0.13453284]
[5000.00000000 90.00000000 40.00000000 0.14098778]
[5000.00000000 100.00000000 40.00000000 0.14231986]
[5000.00000000 110.00000000 40.00000000 0.11785144]
[5000.00000000 120.00000000 40.00000000 0.10172915]
[5000.00000000 130.00000000 40.00000000 0.10305934]
[5000.00000000 140.00000000 40.00000000 0.10305934]
[5000.00000000 150.00000000 40.00000000 0.10305934]
[5000.00000000 160.00000000 40.00000000 0.10713359]
[5100.00000000 40.00000000 40.00000000 0.11539719]
[5100.00000000 50.00000000 40.00000000 0.11570585]
[5100.00000000 60.00000000 40.00000000 0.12849899]
[5100.00000000 70.00000000 40.00000000 0.12792267]
[5100.00000000 80.00000000 40.00000000 0.13448071]
[5100.00000000 90.00000000 40.00000000 0.13995808]
[5100.00000000 100.00000000 40.00000000 0.10057704]
[5100.00000000 110.00000000 40.00000000 0.10105788]
[5100.00000000 120.00000000 40.00000000 0.10438117]
[5100.00000000 130.00000000 40.00000000 0.10438117]
[5100.00000000 140.00000000 40.00000000 0.10438117]
[5100.00000000 150.00000000 40.00000000 0.10438117]
[5100.00000000 160.00000000 40.00000000 0.10825388]
[5200.00000000 40.00000000 40.00000000 0.11172345]
[5200.00000000 50.00000000 40.00000000 0.12376539]
[5200.00000000 60.00000000 40.00000000 0.12685512]
[5200.00000000 70.00000000 40.00000000 0.13568931]
[5200.00000000 80.00000000 40.00000000 0.13878419]
[5200.00000000 90.00000000 40.00000000 0.12758338]
[5200.00000000 100.00000000 40.00000000 0.10179830]
[5200.00000000 110.00000000 40.00000000 0.10229314]
[5200.00000000 120.00000000 40.00000000 0.10568839]
[5200.00000000 130.00000000 40.00000000 0.10568839]
[5200.00000000 140.00000000 40.00000000 0.10568839]
[5200.00000000 150.00000000 40.00000000 0.10568839]
[5200.00000000 160.00000000 40.00000000 0.10778910]
[5300.00000000 40.00000000 40.00000000 0.11195824]
[5300.00000000 50.00000000 40.00000000 0.12815993]
[5300.00000000 60.00000000 40.00000000 0.12841480]
[5300.00000000 70.00000000 40.00000000 0.13516373]
[5300.00000000 80.00000000 40.00000000 0.13888340]
[5300.00000000 90.00000000 40.00000000 0.12561856]
[5300.00000000 100.00000000 40.00000000 0.09978297]
[5300.00000000 110.00000000 40.00000000 0.10015940]
[5300.00000000 120.00000000 40.00000000 0.10342936]
[5300.00000000 130.00000000 40.00000000 0.10342936]
[5300.00000000 140.00000000 40.00000000 0.10342936]
[5300.00000000 150.00000000 40.00000000 0.10476879]
[5300.00000000 160.00000000 40.00000000 0.10686547]
[5400.00000000 40.00000000 40.00000000 0.11446492]
[5400.00000000 50.00000000 40.00000000 0.13043867]
[5400.00000000 60.00000000 40.00000000 0.12816353]
[5400.00000000 70.00000000 40.00000000 0.13603936]
[5400.00000000 80.00000000 40.00000000 0.13729579]
[5400.00000000 90.00000000 40.00000000 0.12425026]
[5400.00000000 100.00000000 40.00000000 0.09923057]
[5400.00000000 110.00000000 40.00000000 0.09959523]
[5400.00000000 120.00000000 40.00000000 0.10284332]
[5400.00000000 130.00000000 40.00000000 0.10284332]
[5400.00000000 140.00000000 40.00000000 0.10284332]
[5400.00000000 150.00000000 40.00000000 0.10412027]
[5400.00000000 160.00000000 40.00000000 0.10617158]
[5500.00000000 40.00000000 40.00000000 0.11283071]
[5500.00000000 50.00000000 40.00000000 0.12864012]
[5500.00000000 60.00000000 40.00000000 0.12587740]
[5500.00000000 70.00000000 40.00000000 0.13377095]
[5500.00000000 80.00000000 40.00000000 0.13490471]
[5500.00000000 90.00000000 40.00000000 0.12125780]
[5500.00000000 100.00000000 40.00000000 0.09710964]
[5500.00000000 110.00000000 40.00000000 0.09746829]
[5500.00000000 120.00000000 40.00000000 0.10055773]
[5500.00000000 130.00000000 40.00000000 0.10055773]
[5500.00000000 140.00000000 40.00000000 0.10055773]
[5500.00000000 150.00000000 40.00000000 0.10180009]
[5500.00000000 160.00000000 40.00000000 0.10377842]
[5600.00000000 40.00000000 40.00000000 0.11354573]
[5600.00000000 50.00000000 40.00000000 0.12705861]
[5600.00000000 60.00000000 40.00000000 0.12422949]
[5600.00000000 70.00000000 40.00000000 0.13172448]
[5600.00000000 80.00000000 40.00000000 0.13293419]
[5600.00000000 90.00000000 40.00000000 0.11955383]
[5600.00000000 100.00000000 40.00000000 0.09572126]
[5600.00000000 110.00000000 40.00000000 0.09572126]
[5600.00000000 120.00000000 40.00000000 0.09869914]
[5600.00000000 130.00000000 40.00000000 0.09869914]
[5600.00000000 140.00000000 40.00000000 0.09869914]
[5600.00000000 150.00000000 40.00000000 0.09982644]
[5600.00000000 160.00000000 40.00000000 0.10171135]
[5700.00000000 40.00000000 40.00000000 0.11158654]
[5700.00000000 50.00000000 40.00000000 0.12365766]
[5700.00000000 60.00000000 40.00000000 0.12099524]
[5700.00000000 70.00000000 40.00000000 0.12805002]
[5700.00000000 80.00000000 40.00000000 0.12886229]
[5700.00000000 90.00000000 40.00000000 0.11502101]
[5700.00000000 100.00000000 40.00000000 0.09237639]
[5700.00000000 110.00000000 40.00000000 0.09401522]
[5700.00000000 120.00000000 40.00000000 0.09520905]
[5700.00000000 130.00000000 40.00000000 0.09520905]
[5700.00000000 140.00000000 40.00000000 0.09520905]
[5700.00000000 150.00000000 40.00000000 0.09626058]
[5700.00000000 160.00000000 40.00000000 0.09804705]
[5800.00000000 40.00000000 40.00000000 0.10897271]
[5800.00000000 50.00000000 40.00000000 0.11395514]
[5800.00000000 60.00000000 40.00000000 0.11751814]
[5800.00000000 70.00000000 40.00000000 0.12459981]
[5800.00000000 80.00000000 40.00000000 0.12538322]
[5800.00000000 90.00000000 40.00000000 0.11163832]
[5800.00000000 100.00000000 40.00000000 0.08832141]
[5800.00000000 110.00000000 40.00000000 0.08987090]
[5800.00000000 120.00000000 40.00000000 0.09099034]
[5800.00000000 130.00000000 40.00000000 0.09099034]
[5800.00000000 140.00000000 40.00000000 0.09099034]
[5800.00000000 150.00000000 40.00000000 0.09198713]
[5800.00000000 160.00000000 40.00000000 0.09369608]
[5900.00000000 40.00000000 40.00000000 0.10612529]
[5900.00000000 50.00000000 40.00000000 0.10982989]
[5900.00000000 60.00000000 40.00000000 0.11306225]
[5900.00000000 70.00000000 40.00000000 0.11960357]
[5900.00000000 80.00000000 40.00000000 0.12035925]
[5900.00000000 90.00000000 40.00000000 0.10839891]
[5900.00000000 100.00000000 40.00000000 0.08550125]
[5900.00000000 110.00000000 40.00000000 0.08699264]
[5900.00000000 120.00000000 40.00000000 0.08804573]
[5900.00000000 130.00000000 40.00000000 0.08804573]
[5900.00000000 140.00000000 40.00000000 0.08804573]
[5900.00000000 150.00000000 40.00000000 0.08896313]
[5900.00000000 160.00000000 40.00000000 0.09060499]
[6000.00000000 40.00000000 40.00000000 0.10474624]
[6000.00000000 50.00000000 40.00000000 0.10710855]
[6000.00000000 60.00000000 40.00000000 0.11160603]
[6000.00000000 70.00000000 40.00000000 0.11612769]
[6000.00000000 80.00000000 40.00000000 0.10309714]
[6000.00000000 90.00000000 40.00000000 0.10491838]
[6000.00000000 100.00000000 40.00000000 0.08238311]
[6000.00000000 110.00000000 40.00000000 0.08477431]
[6000.00000000 120.00000000 40.00000000 0.08477431]
[6000.00000000 130.00000000 40.00000000 0.08477431]
[6000.00000000 140.00000000 40.00000000 0.08477431]
[6000.00000000 150.00000000 40.00000000 0.08562518]
[6000.00000000 160.00000000 40.00000000 0.08715729]
[6100.00000000 40.00000000 40.00000000 0.10190334]
[6100.00000000 50.00000000 40.00000000 0.10413312]
[6100.00000000 60.00000000 40.00000000 0.10725235]
[6100.00000000 70.00000000 40.00000000 0.11148260]
[6100.00000000 80.00000000 40.00000000 0.09909289]
[6100.00000000 90.00000000 40.00000000 0.10054904]
[6100.00000000 100.00000000 40.00000000 0.07865967]
[6100.00000000 110.00000000 40.00000000 0.08084724]
[6100.00000000 120.00000000 40.00000000 0.08084724]
[6100.00000000 130.00000000 40.00000000 0.08084724]
[6100.00000000 140.00000000 40.00000000 0.08084724]
[6100.00000000 150.00000000 40.00000000 0.08164076]
[6100.00000000 160.00000000 40.00000000 0.08306396]
[6200.00000000 40.00000000 40.00000000 0.09859349]
[6200.00000000 50.00000000 40.00000000 0.10007900]
[6200.00000000 60.00000000 40.00000000 0.10284120]
[6200.00000000 70.00000000 40.00000000 0.10620906]
[6200.00000000 80.00000000 40.00000000 0.09396937]
[6200.00000000 90.00000000 40.00000000 0.09531258]
[6200.00000000 100.00000000 40.00000000 0.07606374]
[6200.00000000 110.00000000 40.00000000 0.07813027]
[6200.00000000 120.00000000 40.00000000 0.07813027]
[6200.00000000 130.00000000 40.00000000 0.07813027]
[6200.00000000 140.00000000 40.00000000 0.07813027]
[6200.00000000 150.00000000 40.00000000 0.07887564]
[6200.00000000 160.00000000 40.00000000 0.08022873]
[6300.00000000 40.00000000 40.00000000 0.09769847]
[6300.00000000 50.00000000 40.00000000 0.09863354]
[6300.00000000 60.00000000 40.00000000 0.10124452]
[6300.00000000 70.00000000 40.00000000 0.10448468]
[6300.00000000 80.00000000 40.00000000 0.09284104]
[6300.00000000 90.00000000 40.00000000 0.09360965]
[6300.00000000 100.00000000 40.00000000 0.07490945]
[6300.00000000 110.00000000 40.00000000 0.07691874]
[6300.00000000 120.00000000 40.00000000 0.07691874]
[6300.00000000 130.00000000 40.00000000 0.07691874]
[6300.00000000 140.00000000 40.00000000 0.07761415]
[6300.00000000 150.00000000 40.00000000 0.07761415]
[6300.00000000 160.00000000 40.00000000 0.07887894]
[6400.00000000 40.00000000 40.00000000 0.09543568]
[6400.00000000 50.00000000 40.00000000 0.09580000]
[6400.00000000 60.00000000 40.00000000 0.09814065]
[6400.00000000 70.00000000 40.00000000 0.10116690]
[6400.00000000 80.00000000 40.00000000 0.08977945]
[6400.00000000 90.00000000 40.00000000 0.09049995]
[6400.00000000 100.00000000 40.00000000 0.07202155]
[6400.00000000 110.00000000 40.00000000 0.07391108]
[6400.00000000 120.00000000 40.00000000 0.07391108]
[6400.00000000 130.00000000 40.00000000 0.07391108]
[6400.00000000 140.00000000 40.00000000 0.07456740]
[6400.00000000 150.00000000 40.00000000 0.07456740]
[6400.00000000 160.00000000 40.00000000 0.07573568]
[6500.00000000 40.00000000 40.00000000 0.09294021]
[6500.00000000 50.00000000 40.00000000 0.09210791]
[6500.00000000 60.00000000 40.00000000 0.09474992]
[6500.00000000 70.00000000 40.00000000 0.08226790]
[6500.00000000 80.00000000 40.00000000 0.07061805]
[6500.00000000 90.00000000 40.00000000 0.07119058]
[6500.00000000 100.00000000 40.00000000 0.07119058]
[6500.00000000 110.00000000 40.00000000 0.07303595]
[6500.00000000 120.00000000 40.00000000 0.07303595]
[6500.00000000 130.00000000 40.00000000 0.07303595]
[6500.00000000 140.00000000 40.00000000 0.07303595]
[6500.00000000 150.00000000 40.00000000 0.07303595]
[6500.00000000 160.00000000 40.00000000 0.07412976]
