[2500.00000000 40.00000000 40.00000000 0.01644809]
[2500.00000000 50.00000000 40.00000000 0.01897422]
[2500.00000000 60.00000000 40.00000000 0.02149103]
[2500.00000000 70.00000000 40.00000000 0.02254100]
[2500.00000000 80.00000000 40.00000000 0.02429356]
[2500.00000000 90.00000000 40.00000000 0.02743259]
[2500.00000000 100.00000000 40.00000000 0.02825782]
[2500.00000000 110.00000000 40.00000000 0.02978624]
[2500.00000000 120.00000000 40.00000000 0.03056290]
[2500.00000000 130.00000000 40.00000000 0.03311756]
[2500.00000000 140.00000000 40.00000000 0.03399703]
[2500.00000000 150.00000000 40.00000000 0.03461402]
[2500.00000000 160.00000000 40.00000000 0.03670621]
[2600.00000000 40.00000000 40.00000000 0.01722896]
[2600.00000000 50.00000000 40.00000000 0.01957259]
[2600.00000000 60.00000000 40.00000000 0.02204948]
[2600.00000000 70.00000000 40.00000000 0.02319152]
[2600.00000000 80.00000000 40.00000000 0.02524620]
[2600.00000000 90.00000000 40.00000000 0.02804073]
[2600.00000000 100.00000000 40.00000000 0.02907106]
[2600.00000000 110.00000000 40.00000000 0.03042403]
[2600.00000000 120.00000000 40.00000000 0.03131207]
[2600.00000000 130.00000000 40.00000000 0.03386838]
[2600.00000000 140.00000000 40.00000000 0.03487914]
[2600.00000000 150.00000000 40.00000000 0.03575385]
[2600.00000000 160.00000000 40.00000000 0.03798906]
[2700.00000000 40.00000000 40.00000000 0.01802904]
[2700.00000000 50.00000000 40.00000000 0.02050302]
[2700.00000000 60.00000000 40.00000000 0.02283389]
[2700.00000000 70.00000000 40.00000000 0.02441044]
[2700.00000000 80.00000000 40.00000000 0.02653029]
[2700.00000000 90.00000000 40.00000000 0.02983779]
[2700.00000000 100.00000000 40.00000000 0.03079644]
[2700.00000000 110.00000000 40.00000000 0.03197082]
[2700.00000000 120.00000000 40.00000000 0.03339019]
[2700.00000000 130.00000000 40.00000000 0.03670855]
[2700.00000000 140.00000000 40.00000000 0.03740899]
[2700.00000000 150.00000000 40.00000000 0.03906375]
[2700.00000000 160.00000000 40.00000000 0.04336578]
[2800.00000000 40.00000000 40.00000000 0.01875238]
[2800.00000000 50.00000000 40.00000000 0.02156189]
[2800.00000000 60.00000000 40.00000000 0.02365769]
[2800.00000000 70.00000000 40.00000000 0.02570483]
[2800.00000000 80.00000000 40.00000000 0.02793658]
[2800.00000000 90.00000000 40.00000000 0.03174106]
[2800.00000000 100.00000000 40.00000000 0.03247242]
[2800.00000000 110.00000000 40.00000000 0.03491702]
[2800.00000000 120.00000000 40.00000000 0.03512375]
[2800.00000000 130.00000000 40.00000000 0.03895297]
[2800.00000000 140.00000000 40.00000000 0.03914924]
[2800.00000000 150.00000000 40.00000000 0.04090570]
[2800.00000000 160.00000000 40.00000000 0.04524218]
[2900.00000000 40.00000000 40.00000000 0.01962990]
[2900.00000000 50.00000000 40.00000000 0.02232511]
[2900.00000000 60.00000000 40.00000000 0.02452895]
[2900.00000000 70.00000000 40.00000000 0.02695996]
[2900.00000000 80.00000000 40.00000000 0.02861906]
[2900.00000000 90.00000000 40.00000000 0.03252248]
[2900.00000000 100.00000000 40.00000000 0.03374350]
[2900.00000000 110.00000000 40.00000000 0.03552606]
[2900.00000000 120.00000000 40.00000000 0.03592405]
[2900.00000000 130.00000000 40.00000000 0.03968927]
[2900.00000000 140.00000000 40.00000000 0.03981199]
[2900.00000000 150.00000000 40.00000000 0.04181009]
[2900.00000000 160.00000000 40.00000000 0.04592228]
[3000.00000000 40.00000000 40.00000000 0.02050136]
[3000.00000000 50.00000000 40.00000000 0.02353794]
[3000.00000000 60.00000000 40.00000000 0.02605501]
[3000.00000000 70.00000000 40.00000000 0.02882218]
[3000.00000000 80.00000000 40.00000000 0.03097778]
[3000.00000000 90.00000000 40.00000000 0.03530525]
[3000.00000000 100.00000000 40.00000000 0.03648294]
[3000.00000000 110.00000000 40.00000000 0.03869721]
[3000.00000000 120.00000000 40.00000000 0.04057260]
[3000.00000000 130.00000000 40.00000000 0.04399943]
[3000.00000000 140.00000000 40.00000000 0.04470866]
[3000.00000000 150.00000000 40.00000000 0.04585141]
[3000.00000000 160.00000000 40.00000000 0.05079503]
[3100.00000000 40.00000000 40.00000000 0.02097239]
[3100.00000000 50.00000000 40.00000000 0.02382108]
[3100.00000000 60.00000000 40.00000000 0.02682466]
[3100.00000000 70.00000000 40.00000000 0.02980724]
[3100.00000000 80.00000000 40.00000000 0.03207340]
[3100.00000000 90.00000000 40.00000000 0.03700775]
[3100.00000000 100.00000000 40.00000000 0.03934205]
[3100.00000000 110.00000000 40.00000000 0.04201060]
[3100.00000000 120.00000000 40.00000000 0.04401704]
[3100.00000000 130.00000000 40.00000000 0.04809688]
[3100.00000000 140.00000000 40.00000000 0.05029605]
[3100.00000000 150.00000000 40.00000000 0.05173610]
[3100.00000000 160.00000000 40.00000000 0.05850490]
[3200.00000000 40.00000000 40.00000000 0.02181914]
[3200.00000000 50.00000000 40.00000000 0.02485235]
[3200.00000000 60.00000000 40.00000000 0.02740365]
[3200.00000000 70.00000000 40.00000000 0.03054762]
[3200.00000000 80.00000000 40.00000000 0.03266165]
[3200.00000000 90.00000000 40.00000000 0.03739272]
[3200.00000000 100.00000000 40.00000000 0.03973083]
[3200.00000000 110.00000000 40.00000000 0.04245223]
[3200.00000000 120.00000000 40.00000000 0.04478667]
[3200.00000000 130.00000000 40.00000000 0.04854510]
[3200.00000000 140.00000000 40.00000000 0.05073154]
[3200.00000000 150.00000000 40.00000000 0.05218049]
[3200.00000000 160.00000000 40.00000000 0.05898339]
[3300.00000000 40.00000000 40.00000000 0.02246420]
[3300.00000000 50.00000000 40.00000000 0.02538293]
[3300.00000000 60.00000000 40.00000000 0.02811536]
[3300.00000000 70.00000000 40.00000000 0.03087321]
[3300.00000000 80.00000000 40.00000000 0.03270088]
[3300.00000000 90.00000000 40.00000000 0.03771957]
[3300.00000000 100.00000000 40.00000000 0.04033774]
[3300.00000000 110.00000000 40.00000000 0.04449924]
[3300.00000000 120.00000000 40.00000000 0.04526184]
[3300.00000000 130.00000000 40.00000000 0.04886119]
[3300.00000000 140.00000000 40.00000000 0.05103804]
[3300.00000000 150.00000000 40.00000000 0.05247975]
[3300.00000000 160.00000000 40.00000000 0.06124923]
[3400.00000000 40.00000000 40.00000000 0.02348215]
[3400.00000000 50.00000000 40.00000000 0.02670899]
[3400.00000000 60.00000000 40.00000000 0.02948236]
[3400.00000000 70.00000000 40.00000000 0.03233344]
[3400.00000000 80.00000000 40.00000000 0.03351288]
[3400.00000000 90.00000000 40.00000000 0.04019111]
[3400.00000000 100.00000000 40.00000000 0.04175808]
[3400.00000000 110.00000000 40.00000000 0.04617504]
[3400.00000000 120.00000000 40.00000000 0.04728720]
[3400.00000000 130.00000000 40.00000000 0.05304927]
[3400.00000000 140.00000000 40.00000000 0.05553907]
[3400.00000000 150.00000000 40.00000000 0.05778979]
[3400.00000000 160.00000000 40.00000000 0.06375429]
[3500.00000000 40.00000000 40.00000000 0.02448997]
[3500.00000000 50.00000000 40.00000000 0.02782044]
[3500.00000000 60.00000000 40.00000000 0.03084741]
[3500.00000000 70.00000000 40.00000000 0.03389524]
[3500.00000000 80.00000000 40.00000000 0.03445519]
[3500.00000000 90.00000000 40.00000000 0.04063447]
[3500.00000000 100.00000000 40.00000000 0.04252191]
[3500.00000000 110.00000000 40.00000000 0.04695979]
[3500.00000000 120.00000000 40.00000000 0.04774524]
[3500.00000000 130.00000000 40.00000000 0.05382110]
[3500.00000000 140.00000000 40.00000000 0.05676800]
[3500.00000000 150.00000000 40.00000000 0.05860864]
[3500.00000000 160.00000000 40.00000000 0.06451045]
[3600.00000000 40.00000000 40.00000000 0.02473273]
[3600.00000000 50.00000000 40.00000000 0.02811027]
[3600.00000000 60.00000000 40.00000000 0.03121460]
[3600.00000000 70.00000000 40.00000000 0.03391019]
[3600.00000000 80.00000000 40.00000000 0.03449896]
[3600.00000000 90.00000000 40.00000000 0.04059104]
[3600.00000000 100.00000000 40.00000000 0.04436618]
[3600.00000000 110.00000000 40.00000000 0.04717483]
[3600.00000000 120.00000000 40.00000000 0.04787820]
[3600.00000000 130.00000000 40.00000000 0.05397526]
[3600.00000000 140.00000000 40.00000000 0.05691144]
[3600.00000000 150.00000000 40.00000000 0.05925411]
[3600.00000000 160.00000000 40.00000000 0.06407054]
[3700.00000000 40.00000000 40.00000000 0.02581710]
[3700.00000000 50.00000000 40.00000000 0.02880970]
[3700.00000000 60.00000000 40.00000000 0.03177447]
[3700.00000000 70.00000000 40.00000000 0.03516832]
[3700.00000000 80.00000000 40.00000000 0.03578300]
[3700.00000000 90.00000000 40.00000000 0.04280723]
[3700.00000000 100.00000000 40.00000000 0.04553503]
[3700.00000000 110.00000000 40.00000000 0.05087188]
[3700.00000000 120.00000000 40.00000000 0.05112660]
[3700.00000000 130.00000000 40.00000000 0.05635975]
[3700.00000000 140.00000000 40.00000000 0.05795448]
[3700.00000000 150.00000000 40.00000000 0.05991141]
[3700.00000000 160.00000000 40.00000000 0.06417129]
[3800.00000000 40.00000000 40.00000000 0.02695996]
[3800.00000000 50.00000000 40.00000000 0.02961747]
[3800.00000000 60.00000000 40.00000000 0.03268798]
[3800.00000000 70.00000000 40.00000000 0.03683192]
[3800.00000000 80.00000000 40.00000000 0.03713184]
[3800.00000000 90.00000000 40.00000000 0.04500532]
[3800.00000000 100.00000000 40.00000000 0.04853395]
[3800.00000000 110.00000000 40.00000000 0.05550090]
[3800.00000000 120.00000000 40.00000000 0.06116733]
[3800.00000000 130.00000000 40.00000000 0.06118023]
[3800.00000000 140.00000000 40.00000000 0.06303147]
[3800.00000000 150.00000000 40.00000000 0.06484467]
[3800.00000000 160.00000000 40.00000000 0.06484467]
[3900.00000000 40.00000000 40.00000000 0.02755617]
[3900.00000000 50.00000000 40.00000000 0.03042332]
[3900.00000000 60.00000000 40.00000000 0.03371906]
[3900.00000000 70.00000000 40.00000000 0.03783391]
[3900.00000000 80.00000000 40.00000000 0.03826840]
[3900.00000000 90.00000000 40.00000000 0.04666604]
[3900.00000000 100.00000000 40.00000000 0.05075145]
[3900.00000000 110.00000000 40.00000000 0.05722259]
[3900.00000000 120.00000000 40.00000000 0.06327141]
[3900.00000000 130.00000000 40.00000000 0.06441897]
[3900.00000000 140.00000000 40.00000000 0.06517892]
[3900.00000000 150.00000000 40.00000000 0.06613466]
[3900.00000000 160.00000000 40.00000000 0.06613466]
[4000.00000000 40.00000000 40.00000000 0.02864993]
[4000.00000000 50.00000000 40.00000000 0.03157828]
[4000.00000000 60.00000000 40.00000000 0.03478956]
[4000.00000000 70.00000000 40.00000000 0.03953397]
[4000.00000000 80.00000000 40.00000000 0.03978495]
[4000.00000000 90.00000000 40.00000000 0.04807433]
[4000.00000000 100.00000000 40.00000000 0.05181936]
[4000.00000000 110.00000000 40.00000000 0.05824695]
[4000.00000000 120.00000000 40.00000000 0.06421928]
[4000.00000000 130.00000000 40.00000000 0.06536449]
[4000.00000000 140.00000000 40.00000000 0.06608256]
[4000.00000000 150.00000000 40.00000000 0.06663269]
[4000.00000000 160.00000000 40.00000000 0.06663269]
[4100.00000000 40.00000000 40.00000000 0.02975722]
[4100.00000000 50.00000000 40.00000000 0.03274429]
[4100.00000000 60.00000000 40.00000000 0.03681924]
[4100.00000000 70.00000000 40.00000000 0.04158646]
[4100.00000000 80.00000000 40.00000000 0.04205271]
[4100.00000000 90.00000000 40.00000000 0.05017949]
[4100.00000000 100.00000000 40.00000000 0.05394597]
[4100.00000000 110.00000000 40.00000000 0.05966225]
[4100.00000000 120.00000000 40.00000000 0.06580249]
[4100.00000000 130.00000000 40.00000000 0.06697684]
[4100.00000000 140.00000000 40.00000000 0.06767709]
[4100.00000000 150.00000000 40.00000000 0.06822040]
[4100.00000000 160.00000000 40.00000000 0.06822040]
[4200.00000000 40.00000000 40.00000000 0.03035865]
[4200.00000000 50.00000000 40.00000000 0.03386330]
[4200.00000000 60.00000000 40.00000000 0.03778383]
[4200.00000000 70.00000000 40.00000000 0.04278388]
[4200.00000000 80.00000000 40.00000000 0.04380555]
[4200.00000000 90.00000000 40.00000000 0.05081196]
[4200.00000000 100.00000000 40.00000000 0.05300270]
[4200.00000000 110.00000000 40.00000000 0.06120843]
[4200.00000000 120.00000000 40.00000000 0.06534444]
[4200.00000000 130.00000000 40.00000000 0.06230656]
[4200.00000000 140.00000000 40.00000000 0.06230656]
[4200.00000000 150.00000000 40.00000000 0.06375839]
[4200.00000000 160.00000000 40.00000000 0.06583097]
[4300.00000000 40.00000000 40.00000000 0.03189548]
[4300.00000000 50.00000000 40.00000000 0.03577289]
[4300.00000000 60.00000000 40.00000000 0.03921361]
[4300.00000000 70.00000000 40.00000000 0.04382077]
[4300.00000000 80.00000000 40.00000000 0.04681629]
[4300.00000000 90.00000000 40.00000000 0.05357721]
[4300.00000000 100.00000000 40.00000000 0.05814613]
[4300.00000000 110.00000000 40.00000000 0.06740964]
[4300.00000000 120.00000000 40.00000000 0.07249272]
[4300.00000000 130.00000000 40.00000000 0.06921331]
[4300.00000000 140.00000000 40.00000000 0.07283743]
[4300.00000000 150.00000000 40.00000000 0.07473116]
[4300.00000000 160.00000000 40.00000000 0.07764839]
[4400.00000000 40.00000000 40.00000000 0.03317787]
[4400.00000000 50.00000000 40.00000000 0.03693297]
[4400.00000000 60.00000000 40.00000000 0.04234657]
[4400.00000000 70.00000000 40.00000000 0.04599422]
[4400.00000000 80.00000000 40.00000000 0.05192610]
[4400.00000000 90.00000000 40.00000000 0.05954290]
[4400.00000000 100.00000000 40.00000000 0.06596551]
[4400.00000000 110.00000000 40.00000000 0.07147047]
[4400.00000000 120.00000000 40.00000000 0.07711432]
[4400.00000000 130.00000000 40.00000000 0.07494091]
[4400.00000000 140.00000000 40.00000000 0.07494091]
[4400.00000000 150.00000000 40.00000000 0.07558901]
[4400.00000000 160.00000000 40.00000000 0.07851420]
[4500.00000000 40.00000000 40.00000000 0.03354233]
[4500.00000000 50.00000000 40.00000000 0.03811272]
[4500.00000000 60.00000000 40.00000000 0.04420674]
[4500.00000000 70.00000000 40.00000000 0.04911984]
[4500.00000000 80.00000000 40.00000000 0.05706620]
[4500.00000000 90.00000000 40.00000000 0.06196042]
[4500.00000000 100.00000000 40.00000000 0.07152018]
[4500.00000000 110.00000000 40.00000000 0.07515048]
[4500.00000000 120.00000000 40.00000000 0.08026291]
[4500.00000000 130.00000000 40.00000000 0.07814270]
[4500.00000000 140.00000000 40.00000000 0.07814270]
[4500.00000000 150.00000000 40.00000000 0.07881015]
[4500.00000000 160.00000000 40.00000000 0.08194351]
[4600.00000000 40.00000000 40.00000000 0.03467578]
[4600.00000000 50.00000000 40.00000000 0.03990621]
[4600.00000000 60.00000000 40.00000000 0.04533104]
[4600.00000000 70.00000000 40.00000000 0.05098490]
[4600.00000000 80.00000000 40.00000000 0.06045494]
[4600.00000000 90.00000000 40.00000000 0.06188327]
[4600.00000000 100.00000000 40.00000000 0.07212910]
[4600.00000000 110.00000000 40.00000000 0.07579164]
[4600.00000000 120.00000000 40.00000000 0.08213198]
[4600.00000000 130.00000000 40.00000000 0.07865169]
[4600.00000000 140.00000000 40.00000000 0.07932730]
[4600.00000000 150.00000000 40.00000000 0.07932730]
[4600.00000000 160.00000000 40.00000000 0.08250363]
[4700.00000000 40.00000000 40.00000000 0.03623874]
[4700.00000000 50.00000000 40.00000000 0.04174169]
[4700.00000000 60.00000000 40.00000000 0.04715116]
[4700.00000000 70.00000000 40.00000000 0.05244209]
[4700.00000000 80.00000000 40.00000000 0.06391488]
[4700.00000000 90.00000000 40.00000000 0.07094428]
[4700.00000000 100.00000000 40.00000000 0.07537449]
[4700.00000000 110.00000000 40.00000000 0.07623643]
[4700.00000000 120.00000000 40.00000000 0.08233026]
[4700.00000000 130.00000000 40.00000000 0.07894875]
[4700.00000000 140.00000000 40.00000000 0.08081734]
[4700.00000000 150.00000000 40.00000000 0.08081734]
[4700.00000000 160.00000000 40.00000000 0.08410953]
[4800.00000000 40.00000000 40.00000000 0.03705092]
[4800.00000000 50.00000000 40.00000000 0.04309218]
[4800.00000000 60.00000000 40.00000000 0.04844439]
[4800.00000000 70.00000000 40.00000000 0.05576706]
[4800.00000000 80.00000000 40.00000000 0.06812212]
[4800.00000000 90.00000000 40.00000000 0.07286360]
[4800.00000000 100.00000000 40.00000000 0.07606623]
[4800.00000000 110.00000000 40.00000000 0.07694260]
[4800.00000000 120.00000000 40.00000000 0.08317331]
[4800.00000000 130.00000000 40.00000000 0.08049189]
[4800.00000000 140.00000000 40.00000000 0.08174851]
[4800.00000000 150.00000000 40.00000000 0.08174851]
[4800.00000000 160.00000000 40.00000000 0.08513657]
[4900.00000000 40.00000000 40.00000000 0.03876300]
[4900.00000000 50.00000000 40.00000000 0.04458636]
[4900.00000000 60.00000000 40.00000000 0.05001320]
[4900.00000000 70.00000000 40.00000000 0.05619091]
[4900.00000000 80.00000000 40.00000000 0.06896229]
[4900.00000000 90.00000000 40.00000000 0.07328236]
[4900.00000000 100.00000000 40.00000000 0.07724357]
[4900.00000000 110.00000000 40.00000000 0.07815187]
[4900.00000000 120.00000000 40.00000000 0.08714206]
[4900.00000000 130.00000000 40.00000000 0.08785933]
[4900.00000000 140.00000000 40.00000000 0.08785933]
[4900.00000000 150.00000000 40.00000000 0.08785933]
[4900.00000000 160.00000000 40.00000000 0.09169595]
[5000.00000000 40.00000000 40.00000000 0.03980397]
[5000.00000000 50.00000000 40.00000000 0.04483704]
[5000.00000000 60.00000000 40.00000000 0.05043741]
[5000.00000000 70.00000000 40.00000000 0.05801002]
[5000.00000000 80.00000000 40.00000000 0.07185721]
[5000.00000000 90.00000000 40.00000000 0.07706454]
[5000.00000000 100.00000000 40.00000000 0.07706454]
[5000.00000000 110.00000000 40.00000000 0.07797872]
[5000.00000000 120.00000000 40.00000000 0.08703836]
[5000.00000000 130.00000000 40.00000000 0.08772159]
[5000.00000000 140.00000000 40.00000000 0.08772159]
[5000.00000000 150.00000000 40.00000000 0.08772159]
[5000.00000000 160.00000000 40.00000000 0.09149212]
[5100.00000000 40.00000000 40.00000000 0.04080328]
[5100.00000000 50.00000000 40.00000000 0.04619789]
[5100.00000000 60.00000000 40.00000000 0.05254881]
[5100.00000000 70.00000000 40.00000000 0.05979138]
[5100.00000000 80.00000000 40.00000000 0.07574082]
[5100.00000000 90.00000000 40.00000000 0.07930262]
[5100.00000000 100.00000000 40.00000000 0.08078441]
[5100.00000000 110.00000000 40.00000000 0.08177278]
[5100.00000000 120.00000000 40.00000000 0.09150601]
[5100.00000000 130.00000000 40.00000000 0.09224702]
[5100.00000000 140.00000000 40.00000000 0.09224702]
[5100.00000000 150.00000000 40.00000000 0.09224702]
[5100.00000000 160.00000000 40.00000000 0.09224702]
[5200.00000000 40.00000000 40.00000000 0.04222202]
[5200.00000000 50.00000000 40.00000000 0.04907582]
[5200.00000000 60.00000000 40.00000000 0.05572807]
[5200.00000000 70.00000000 40.00000000 0.06230039]
[5200.00000000 80.00000000 40.00000000 0.07942877]
[5200.00000000 90.00000000 40.00000000 0.08334954]
[5200.00000000 100.00000000 40.00000000 0.08334954]
[5200.00000000 110.00000000 40.00000000 0.08334954]
[5200.00000000 120.00000000 40.00000000 0.09350007]
[5200.00000000 130.00000000 40.00000000 0.09350007]
[5200.00000000 140.00000000 40.00000000 0.09350007]
[5200.00000000 150.00000000 40.00000000 0.09350007]
[5200.00000000 160.00000000 40.00000000 0.08537918]
[5300.00000000 40.00000000 40.00000000 0.04447099]
[5300.00000000 50.00000000 40.00000000 0.05056115]
[5300.00000000 60.00000000 40.00000000 0.05624233]
[5300.00000000 70.00000000 40.00000000 0.06381497]
[5300.00000000 80.00000000 40.00000000 0.08300446]
[5300.00000000 90.00000000 40.00000000 0.08645635]
[5300.00000000 100.00000000 40.00000000 0.09677674]
[5300.00000000 110.00000000 40.00000000 0.10344536]
[5300.00000000 120.00000000 40.00000000 0.11828891]
[5300.00000000 130.00000000 40.00000000 0.11828891]
[5300.00000000 140.00000000 40.00000000 0.11828891]
[5300.00000000 150.00000000 40.00000000 0.11828891]
[5300.00000000 160.00000000 40.00000000 0.13117647]
[5400.00000000 40.00000000 40.00000000 0.04560261]
[5400.00000000 50.00000000 40.00000000 0.05104314]
[5400.00000000 60.00000000 40.00000000 0.05803510]
[5400.00000000 70.00000000 40.00000000 0.06699277]
[5400.00000000 80.00000000 40.00000000 0.08429221]
[5400.00000000 90.00000000 40.00000000 0.08734765]
[5400.00000000 100.00000000 40.00000000 0.09760843]
[5400.00000000 110.00000000 40.00000000 0.11404755]
[5400.00000000 120.00000000 40.00000000 0.11871426]
[5400.00000000 130.00000000 40.00000000 0.11871426]
[5400.00000000 140.00000000 40.00000000 0.11871426]
[5400.00000000 150.00000000 40.00000000 0.11871426]
[5400.00000000 160.00000000 40.00000000 0.10544218]
[5500.00000000 40.00000000 40.00000000 0.04956788]
[5500.00000000 50.00000000 40.00000000 0.05509543]
[5500.00000000 60.00000000 40.00000000 0.06263433]
[5500.00000000 70.00000000 40.00000000 0.06223020]
[5500.00000000 80.00000000 40.00000000 0.07451617]
[5500.00000000 90.00000000 40.00000000 0.08199269]
[5500.00000000 100.00000000 40.00000000 0.09169926]
[5500.00000000 110.00000000 40.00000000 0.10445545]
[5500.00000000 120.00000000 40.00000000 0.10656566]
[5500.00000000 130.00000000 40.00000000 0.10656566]
[5500.00000000 140.00000000 40.00000000 0.10656566]
[5500.00000000 150.00000000 40.00000000 0.10656566]
[5500.00000000 160.00000000 40.00000000 0.09088645]
[5600.00000000 40.00000000 40.00000000 0.05210257]
[5600.00000000 50.00000000 40.00000000 0.05724491]
[5600.00000000 60.00000000 40.00000000 0.06064015]
[5600.00000000 70.00000000 40.00000000 0.06683199]
[5600.00000000 80.00000000 40.00000000 0.07811550]
[5600.00000000 90.00000000 40.00000000 0.09033392]
[5600.00000000 100.00000000 40.00000000 0.09978645]
[5600.00000000 110.00000000 40.00000000 0.11461701]
[5600.00000000 120.00000000 40.00000000 0.11713765]
[5600.00000000 130.00000000 40.00000000 0.11713765]
[5600.00000000 140.00000000 40.00000000 0.12694492]
[5600.00000000 150.00000000 40.00000000 0.12694492]
[5600.00000000 160.00000000 40.00000000 0.06626023]
[5700.00000000 40.00000000 40.00000000 0.05416092]
[5700.00000000 50.00000000 40.00000000 0.06072426]
[5700.00000000 60.00000000 40.00000000 0.06400488]
[5700.00000000 70.00000000 40.00000000 0.07358094]
[5700.00000000 80.00000000 40.00000000 0.08624248]
[5700.00000000 90.00000000 40.00000000 0.09552381]
[5700.00000000 100.00000000 40.00000000 0.10056146]
[5700.00000000 110.00000000 40.00000000 0.11677727]
[5700.00000000 120.00000000 40.00000000 0.11677727]
[5700.00000000 130.00000000 40.00000000 0.11677727]
[5700.00000000 140.00000000 40.00000000 0.12646577]
[5700.00000000 150.00000000 40.00000000 0.11436137]
[5700.00000000 160.00000000 40.00000000 0.06668841]
[5800.00000000 40.00000000 40.00000000 0.05690252]
[5800.00000000 50.00000000 40.00000000 0.06538797]
[5800.00000000 60.00000000 40.00000000 0.06928750]
[5800.00000000 70.00000000 40.00000000 0.08000000]
[5800.00000000 80.00000000 40.00000000 0.09906807]
[5800.00000000 90.00000000 40.00000000 0.10495815]
[5800.00000000 100.00000000 40.00000000 0.10669867]
[5800.00000000 110.00000000 40.00000000 0.12022127]
[5800.00000000 120.00000000 40.00000000 0.12022127]
[5800.00000000 130.00000000 40.00000000 0.14190366]
[5800.00000000 140.00000000 40.00000000 0.15613027]
[5800.00000000 150.00000000 40.00000000 0.08539362]
[5800.00000000 160.00000000 40.00000000 0.06665569]
[5900.00000000 40.00000000 40.00000000 0.06125380]
[5900.00000000 50.00000000 40.00000000 0.07057292]
[5900.00000000 60.00000000 40.00000000 0.07884539]
[5900.00000000 70.00000000 40.00000000 0.09642166]
[5900.00000000 80.00000000 40.00000000 0.10620552]
[5900.00000000 90.00000000 40.00000000 0.11111111]
[5900.00000000 100.00000000 40.00000000 0.11304451]
[5900.00000000 110.00000000 40.00000000 0.11892902]
[5900.00000000 120.00000000 40.00000000 0.11892902]
[5900.00000000 130.00000000 40.00000000 0.14027615]
[5900.00000000 140.00000000 40.00000000 0.15398259]
[5900.00000000 150.00000000 40.00000000 0.08440066]
[5900.00000000 160.00000000 40.00000000 0.06612394]
[6000.00000000 40.00000000 40.00000000 0.06402585]
[6000.00000000 50.00000000 40.00000000 0.06950229]
[6000.00000000 60.00000000 40.00000000 0.08185610]
[6000.00000000 70.00000000 40.00000000 0.09861809]
[6000.00000000 80.00000000 40.00000000 0.10242128]
[6000.00000000 90.00000000 40.00000000 0.10780091]
[6000.00000000 100.00000000 40.00000000 0.10261059]
[6000.00000000 110.00000000 40.00000000 0.10782322]
[6000.00000000 120.00000000 40.00000000 0.10782322]
[6000.00000000 130.00000000 40.00000000 0.12658417]
[6000.00000000 140.00000000 40.00000000 0.13863488]
[6000.00000000 150.00000000 40.00000000 0.08442746]
[6000.00000000 160.00000000 40.00000000 0.06610738]
[6100.00000000 40.00000000 40.00000000 0.06608332]
[6100.00000000 50.00000000 40.00000000 0.07240976]
[6100.00000000 60.00000000 40.00000000 0.08196429]
[6100.00000000 70.00000000 40.00000000 0.09859306]
[6100.00000000 80.00000000 40.00000000 0.10254020]
[6100.00000000 90.00000000 40.00000000 0.10129679]
[6100.00000000 100.00000000 40.00000000 0.10228536]
[6100.00000000 110.00000000 40.00000000 0.10693530]
[6100.00000000 120.00000000 40.00000000 0.10693530]
[6100.00000000 130.00000000 40.00000000 0.12503775]
[6100.00000000 140.00000000 40.00000000 0.13647602]
[6100.00000000 150.00000000 40.00000000 0.08366868]
[6100.00000000 160.00000000 40.00000000 0.07110466]
[6200.00000000 40.00000000 40.00000000 0.06472009]
[6200.00000000 50.00000000 40.00000000 0.07408913]
[6200.00000000 60.00000000 40.00000000 0.07963289]
[6200.00000000 70.00000000 40.00000000 0.09568898]
[6200.00000000 80.00000000 40.00000000 0.09867082]
[6200.00000000 90.00000000 40.00000000 0.09650437]
[6200.00000000 100.00000000 40.00000000 0.09745335]
[6200.00000000 110.00000000 40.00000000 0.10171053]
[6200.00000000 120.00000000 40.00000000 0.10171053]
[6200.00000000 130.00000000 40.00000000 0.11592015]
[6200.00000000 140.00000000 40.00000000 0.11592015]
[6200.00000000 150.00000000 40.00000000 0.06588155]
[6200.00000000 160.00000000 40.00000000 0.07055383]
[6300.00000000 40.00000000 40.00000000 0.06665184]
[6300.00000000 50.00000000 40.00000000 0.07662149]
[6300.00000000 60.00000000 40.00000000 0.08081097]
[6300.00000000 70.00000000 40.00000000 0.09277999]
[6300.00000000 80.00000000 40.00000000 0.10255121]
[6300.00000000 90.00000000 40.00000000 0.09798898]
[6300.00000000 100.00000000 40.00000000 0.09798898]
[6300.00000000 110.00000000 40.00000000 0.10216346]
[6300.00000000 120.00000000 40.00000000 0.11888112]
[6300.00000000 130.00000000 40.00000000 0.11606235]
[6300.00000000 140.00000000 40.00000000 0.11606235]
[6300.00000000 150.00000000 40.00000000 0.06601172]
[6300.00000000 160.00000000 40.00000000 0.07062512]
[6400.00000000 40.00000000 40.00000000 0.07106435]
[6400.00000000 50.00000000 40.00000000 0.08171242]
[6400.00000000 60.00000000 40.00000000 0.09057180]
[6400.00000000 70.00000000 40.00000000 0.10796221]
[6400.00000000 80.00000000 40.00000000 0.11622839]
[6400.00000000 90.00000000 40.00000000 0.11014833]
[6400.00000000 100.00000000 40.00000000 0.11014833]
[6400.00000000 110.00000000 40.00000000 0.12884384]
[6400.00000000 120.00000000 40.00000000 0.12884384]
[6400.00000000 130.00000000 40.00000000 0.11623073]
[6400.00000000 140.00000000 40.00000000 0.11623073]
[6400.00000000 150.00000000 40.00000000 0.06732464]
[6400.00000000 160.00000000 40.00000000 0.07180451]
[6500.00000000 40.00000000 40.00000000 0.07563394]
[6500.00000000 50.00000000 40.00000000 0.08781581]
[6500.00000000 60.00000000 40.00000000 0.09968200]
[6500.00000000 70.00000000 40.00000000 0.11272257]
[6500.00000000 80.00000000 40.00000000 0.10811207]
[6500.00000000 90.00000000 40.00000000 0.10926612]
[6500.00000000 100.00000000 40.00000000 0.10926612]
[6500.00000000 110.00000000 40.00000000 0.12761905]
[6500.00000000 120.00000000 40.00000000 0.12761905]
[6500.00000000 130.00000000 40.00000000 0.11535777]
[6500.00000000 140.00000000 40.00000000 0.11535777]
[6500.00000000 150.00000000 40.00000000 0.06761313]
[6500.00000000 160.00000000 40.00000000 0.07206355]
