[2500.00000000 40.00000000 40.00000000 0.00798352]
[2500.00000000 50.00000000 40.00000000 0.00923908]
[2500.00000000 60.00000000 40.00000000 0.01056734]
[2500.00000000 70.00000000 40.00000000 0.01175970]
[2500.00000000 80.00000000 40.00000000 0.01231767]
[2500.00000000 90.00000000 40.00000000 0.01338165]
[2500.00000000 100.00000000 40.00000000 0.01475404]
[2500.00000000 110.00000000 40.00000000 0.01556546]
[2500.00000000 120.00000000 40.00000000 0.01625482]
[2500.00000000 130.00000000 40.00000000 0.01729637]
[2500.00000000 140.00000000 40.00000000 0.01830012]
[2500.00000000 150.00000000 40.00000000 0.01904797]
[2500.00000000 160.00000000 40.00000000 0.01941893]
[2600.00000000 40.00000000 40.00000000 0.00937504]
[2600.00000000 50.00000000 40.00000000 0.01103694]
[2600.00000000 60.00000000 40.00000000 0.01257518]
[2600.00000000 70.00000000 40.00000000 0.01413950]
[2600.00000000 80.00000000 40.00000000 0.01531756]
[2600.00000000 90.00000000 40.00000000 0.01694859]
[2600.00000000 100.00000000 40.00000000 0.01868666]
[2600.00000000 110.00000000 40.00000000 0.01988635]
[2600.00000000 120.00000000 40.00000000 0.02094838]
[2600.00000000 130.00000000 40.00000000 0.02195033]
[2600.00000000 140.00000000 40.00000000 0.02343380]
[2600.00000000 150.00000000 40.00000000 0.02419492]
[2600.00000000 160.00000000 40.00000000 0.02470322]
[2700.00000000 40.00000000 40.00000000 0.01090568]
[2700.00000000 50.00000000 40.00000000 0.01286564]
[2700.00000000 60.00000000 40.00000000 0.01477166]
[2700.00000000 70.00000000 40.00000000 0.01675616]
[2700.00000000 80.00000000 40.00000000 0.01852896]
[2700.00000000 90.00000000 40.00000000 0.02051476]
[2700.00000000 100.00000000 40.00000000 0.02246180]
[2700.00000000 110.00000000 40.00000000 0.02477065]
[2700.00000000 120.00000000 40.00000000 0.02642602]
[2700.00000000 130.00000000 40.00000000 0.02773366]
[2700.00000000 140.00000000 40.00000000 0.02932549]
[2700.00000000 150.00000000 40.00000000 0.03057766]
[2700.00000000 160.00000000 40.00000000 0.03153872]
[2800.00000000 40.00000000 40.00000000 0.01275703]
[2800.00000000 50.00000000 40.00000000 0.01523089]
[2800.00000000 60.00000000 40.00000000 0.01764629]
[2800.00000000 70.00000000 40.00000000 0.02022431]
[2800.00000000 80.00000000 40.00000000 0.02255845]
[2800.00000000 90.00000000 40.00000000 0.02553678]
[2800.00000000 100.00000000 40.00000000 0.02795891]
[2800.00000000 110.00000000 40.00000000 0.03075154]
[2800.00000000 120.00000000 40.00000000 0.03250443]
[2800.00000000 130.00000000 40.00000000 0.03533838]
[2800.00000000 140.00000000 40.00000000 0.03627171]
[2800.00000000 150.00000000 40.00000000 0.03777944]
[2800.00000000 160.00000000 40.00000000 0.04060235]
[2900.00000000 40.00000000 40.00000000 0.01503629]
[2900.00000000 50.00000000 40.00000000 0.01784583]
[2900.00000000 60.00000000 40.00000000 0.02114079]
[2900.00000000 70.00000000 40.00000000 0.02490123]
[2900.00000000 80.00000000 40.00000000 0.02782848]
[2900.00000000 90.00000000 40.00000000 0.03161364]
[2900.00000000 100.00000000 40.00000000 0.03432866]
[2900.00000000 110.00000000 40.00000000 0.03875594]
[2900.00000000 120.00000000 40.00000000 0.04155699]
[2900.00000000 130.00000000 40.00000000 0.04325829]
[2900.00000000 140.00000000 40.00000000 0.04643031]
[2900.00000000 150.00000000 40.00000000 0.04892451]
[2900.00000000 160.00000000 40.00000000 0.05266337]
[3000.00000000 40.00000000 40.00000000 0.01730874]
[3000.00000000 50.00000000 40.00000000 0.02116641]
[3000.00000000 60.00000000 40.00000000 0.02546322]
[3000.00000000 70.00000000 40.00000000 0.03053028]
[3000.00000000 80.00000000 40.00000000 0.03422204]
[3000.00000000 90.00000000 40.00000000 0.03890382]
[3000.00000000 100.00000000 40.00000000 0.04247501]
[3000.00000000 110.00000000 40.00000000 0.04705729]
[3000.00000000 120.00000000 40.00000000 0.05151090]
[3000.00000000 130.00000000 40.00000000 0.05398377]
[3000.00000000 140.00000000 40.00000000 0.05429457]
[3000.00000000 150.00000000 40.00000000 0.06014779]
[3000.00000000 160.00000000 40.00000000 0.06502642]
[3100.00000000 40.00000000 40.00000000 0.02004092]
[3100.00000000 50.00000000 40.00000000 0.02488203]
[3100.00000000 60.00000000 40.00000000 0.03014018]
[3100.00000000 70.00000000 40.00000000 0.03628278]
[3100.00000000 80.00000000 40.00000000 0.04065591]
[3100.00000000 90.00000000 40.00000000 0.04603487]
[3100.00000000 100.00000000 40.00000000 0.05288175]
[3100.00000000 110.00000000 40.00000000 0.05800223]
[3100.00000000 120.00000000 40.00000000 0.06328806]
[3100.00000000 130.00000000 40.00000000 0.06602418]
[3100.00000000 140.00000000 40.00000000 0.06801829]
[3100.00000000 150.00000000 40.00000000 0.07635033]
[3100.00000000 160.00000000 40.00000000 0.07926630]
[3200.00000000 40.00000000 40.00000000 0.02318631]
[3200.00000000 50.00000000 40.00000000 0.02952108]
[3200.00000000 60.00000000 40.00000000 0.03609981]
[3200.00000000 70.00000000 40.00000000 0.04352270]
[3200.00000000 80.00000000 40.00000000 0.04832751]
[3200.00000000 90.00000000 40.00000000 0.05653550]
[3200.00000000 100.00000000 40.00000000 0.06599966]
[3200.00000000 110.00000000 40.00000000 0.07313837]
[3200.00000000 120.00000000 40.00000000 0.07809686]
[3200.00000000 130.00000000 40.00000000 0.08477406]
[3200.00000000 140.00000000 40.00000000 0.08387624]
[3200.00000000 150.00000000 40.00000000 0.09133906]
[3200.00000000 160.00000000 40.00000000 0.09494106]
[3300.00000000 40.00000000 40.00000000 0.02681364]
[3300.00000000 50.00000000 40.00000000 0.03454889]
[3300.00000000 60.00000000 40.00000000 0.04231252]
[3300.00000000 70.00000000 40.00000000 0.05042028]
[3300.00000000 80.00000000 40.00000000 0.05766993]
[3300.00000000 90.00000000 40.00000000 0.06750291]
[3300.00000000 100.00000000 40.00000000 0.08006376]
[3300.00000000 110.00000000 40.00000000 0.08976742]
[3300.00000000 120.00000000 40.00000000 0.09284042]
[3300.00000000 130.00000000 40.00000000 0.10118456]
[3300.00000000 140.00000000 40.00000000 0.10528057]
[3300.00000000 150.00000000 40.00000000 0.11234477]
[3300.00000000 160.00000000 40.00000000 0.11817323]
[3400.00000000 40.00000000 40.00000000 0.03038338]
[3400.00000000 50.00000000 40.00000000 0.03890186]
[3400.00000000 60.00000000 40.00000000 0.04843869]
[3400.00000000 70.00000000 40.00000000 0.05716242]
[3400.00000000 80.00000000 40.00000000 0.06620297]
[3400.00000000 90.00000000 40.00000000 0.07703437]
[3400.00000000 100.00000000 40.00000000 0.09152509]
[3400.00000000 110.00000000 40.00000000 0.10102566]
[3400.00000000 120.00000000 40.00000000 0.10815107]
[3400.00000000 130.00000000 40.00000000 0.12235655]
[3400.00000000 140.00000000 40.00000000 0.11848910]
[3400.00000000 150.00000000 40.00000000 0.12539160]
[3400.00000000 160.00000000 40.00000000 0.12761836]
[3500.00000000 40.00000000 40.00000000 0.03532530]
[3500.00000000 50.00000000 40.00000000 0.04548513]
[3500.00000000 60.00000000 40.00000000 0.05781715]
[3500.00000000 70.00000000 40.00000000 0.06790077]
[3500.00000000 80.00000000 40.00000000 0.08101142]
[3500.00000000 90.00000000 40.00000000 0.09313137]
[3500.00000000 100.00000000 40.00000000 0.11162477]
[3500.00000000 110.00000000 40.00000000 0.12553367]
[3500.00000000 120.00000000 40.00000000 0.14150431]
[3500.00000000 130.00000000 40.00000000 0.16284783]
[3500.00000000 140.00000000 40.00000000 0.15802978]
[3500.00000000 150.00000000 40.00000000 0.16296565]
[3500.00000000 160.00000000 40.00000000 0.16661362]
[3600.00000000 40.00000000 40.00000000 0.04074895]
[3600.00000000 50.00000000 40.00000000 0.05320673]
[3600.00000000 60.00000000 40.00000000 0.06777713]
[3600.00000000 70.00000000 40.00000000 0.08005910]
[3600.00000000 80.00000000 40.00000000 0.09652864]
[3600.00000000 90.00000000 40.00000000 0.11204061]
[3600.00000000 100.00000000 40.00000000 0.13352252]
[3600.00000000 110.00000000 40.00000000 0.14439733]
[3600.00000000 120.00000000 40.00000000 0.16241257]
[3600.00000000 130.00000000 40.00000000 0.18921636]
[3600.00000000 140.00000000 40.00000000 0.18300809]
[3600.00000000 150.00000000 40.00000000 0.18964242]
[3600.00000000 160.00000000 40.00000000 0.21142347]
[3700.00000000 40.00000000 40.00000000 0.04673757]
[3700.00000000 50.00000000 40.00000000 0.06142473]
[3700.00000000 60.00000000 40.00000000 0.07960979]
[3700.00000000 70.00000000 40.00000000 0.09468443]
[3700.00000000 80.00000000 40.00000000 0.11483222]
[3700.00000000 90.00000000 40.00000000 0.12514674]
[3700.00000000 100.00000000 40.00000000 0.14893527]
[3700.00000000 110.00000000 40.00000000 0.16781949]
[3700.00000000 120.00000000 40.00000000 0.19363716]
[3700.00000000 130.00000000 40.00000000 0.22546946]
[3700.00000000 140.00000000 40.00000000 0.21292269]
[3700.00000000 150.00000000 40.00000000 0.22221409]
[3700.00000000 160.00000000 40.00000000 0.22964588]
[3800.00000000 40.00000000 40.00000000 0.05328150]
[3800.00000000 50.00000000 40.00000000 0.06975293]
[3800.00000000 60.00000000 40.00000000 0.09216222]
[3800.00000000 70.00000000 40.00000000 0.10833936]
[3800.00000000 80.00000000 40.00000000 0.12895496]
[3800.00000000 90.00000000 40.00000000 0.13895501]
[3800.00000000 100.00000000 40.00000000 0.17731555]
[3800.00000000 110.00000000 40.00000000 0.20641295]
[3800.00000000 120.00000000 40.00000000 0.21336660]
[3800.00000000 130.00000000 40.00000000 0.24681045]
[3800.00000000 140.00000000 40.00000000 0.24067660]
[3800.00000000 150.00000000 40.00000000 0.24694215]
[3800.00000000 160.00000000 40.00000000 0.24694215]
[3900.00000000 40.00000000 40.00000000 0.05912298]
[3900.00000000 50.00000000 40.00000000 0.07900023]
[3900.00000000 60.00000000 40.00000000 0.10369416]
[3900.00000000 70.00000000 40.00000000 0.12252863]
[3900.00000000 80.00000000 40.00000000 0.14594571]
[3900.00000000 90.00000000 40.00000000 0.16234938]
[3900.00000000 100.00000000 40.00000000 0.20347273]
[3900.00000000 110.00000000 40.00000000 0.23541062]
[3900.00000000 120.00000000 40.00000000 0.23268903]
[3900.00000000 130.00000000 40.00000000 0.26235805]
[3900.00000000 140.00000000 40.00000000 0.25765080]
[3900.00000000 150.00000000 40.00000000 0.26803460]
[3900.00000000 160.00000000 40.00000000 0.28383514]
[4000.00000000 40.00000000 40.00000000 0.06699967]
[4000.00000000 50.00000000 40.00000000 0.08897652]
[4000.00000000 60.00000000 40.00000000 0.11861574]
[4000.00000000 70.00000000 40.00000000 0.13446690]
[4000.00000000 80.00000000 40.00000000 0.15730553]
[4000.00000000 90.00000000 40.00000000 0.18408771]
[4000.00000000 100.00000000 40.00000000 0.22168055]
[4000.00000000 110.00000000 40.00000000 0.25588120]
[4000.00000000 120.00000000 40.00000000 0.25099440]
[4000.00000000 130.00000000 40.00000000 0.28098873]
[4000.00000000 140.00000000 40.00000000 0.27662451]
[4000.00000000 150.00000000 40.00000000 0.28805550]
[4000.00000000 160.00000000 40.00000000 0.32391181]
[4100.00000000 40.00000000 40.00000000 0.07601708]
[4100.00000000 50.00000000 40.00000000 0.10285164]
[4100.00000000 60.00000000 40.00000000 0.13494457]
[4100.00000000 70.00000000 40.00000000 0.15442890]
[4100.00000000 80.00000000 40.00000000 0.17647059]
[4100.00000000 90.00000000 40.00000000 0.19962335]
[4100.00000000 100.00000000 40.00000000 0.24676030]
[4100.00000000 110.00000000 40.00000000 0.27573051]
[4100.00000000 120.00000000 40.00000000 0.27915194]
[4100.00000000 130.00000000 40.00000000 0.31590024]
[4100.00000000 140.00000000 40.00000000 0.31619069]
[4100.00000000 150.00000000 40.00000000 0.32617371]
[4100.00000000 160.00000000 40.00000000 0.32617371]
[4200.00000000 40.00000000 40.00000000 0.08662004]
[4200.00000000 50.00000000 40.00000000 0.11450972]
[4200.00000000 60.00000000 40.00000000 0.14912321]
[4200.00000000 70.00000000 40.00000000 0.16556326]
[4200.00000000 80.00000000 40.00000000 0.19998720]
[4200.00000000 90.00000000 40.00000000 0.22583442]
[4200.00000000 100.00000000 40.00000000 0.25464321]
[4200.00000000 110.00000000 40.00000000 0.27394209]
[4200.00000000 120.00000000 40.00000000 0.28090208]
[4200.00000000 130.00000000 40.00000000 0.31711247]
[4200.00000000 140.00000000 40.00000000 0.31652174]
[4200.00000000 150.00000000 40.00000000 0.32639885]
[4200.00000000 160.00000000 40.00000000 0.32639885]
[4300.00000000 40.00000000 40.00000000 0.09905427]
[4300.00000000 50.00000000 40.00000000 0.12844662]
[4300.00000000 60.00000000 40.00000000 0.16535961]
[4300.00000000 70.00000000 40.00000000 0.18341289]
[4300.00000000 80.00000000 40.00000000 0.22007446]
[4300.00000000 90.00000000 40.00000000 0.24258207]
[4300.00000000 100.00000000 40.00000000 0.27681225]
[4300.00000000 110.00000000 40.00000000 0.29467912]
[4300.00000000 120.00000000 40.00000000 0.31615644]
[4300.00000000 130.00000000 40.00000000 0.34157250]
[4300.00000000 140.00000000 40.00000000 0.32721080]
[4300.00000000 150.00000000 40.00000000 0.33679730]
[4300.00000000 160.00000000 40.00000000 0.33679730]
[4400.00000000 40.00000000 40.00000000 0.11243959]
[4400.00000000 50.00000000 40.00000000 0.14571349]
[4400.00000000 60.00000000 40.00000000 0.18098531]
[4400.00000000 70.00000000 40.00000000 0.20483158]
[4400.00000000 80.00000000 40.00000000 0.24783862]
[4400.00000000 90.00000000 40.00000000 0.28872902]
[4400.00000000 100.00000000 40.00000000 0.31798014]
[4400.00000000 110.00000000 40.00000000 0.32016655]
[4400.00000000 120.00000000 40.00000000 0.32916811]
[4400.00000000 130.00000000 40.00000000 0.35456132]
[4400.00000000 140.00000000 40.00000000 0.33956426]
[4400.00000000 150.00000000 40.00000000 0.33956426]
[4400.00000000 160.00000000 40.00000000 0.33956426]
[4500.00000000 40.00000000 40.00000000 0.12528028]
[4500.00000000 50.00000000 40.00000000 0.16486936]
[4500.00000000 60.00000000 40.00000000 0.20893391]
[4500.00000000 70.00000000 40.00000000 0.22485703]
[4500.00000000 80.00000000 40.00000000 0.26211003]
[4500.00000000 90.00000000 40.00000000 0.31150312]
[4500.00000000 100.00000000 40.00000000 0.31905226]
[4500.00000000 110.00000000 40.00000000 0.32931585]
[4500.00000000 120.00000000 40.00000000 0.33892740]
[4500.00000000 130.00000000 40.00000000 0.35368020]
[4500.00000000 140.00000000 40.00000000 0.33822566]
[4500.00000000 150.00000000 40.00000000 0.33822566]
[4500.00000000 160.00000000 40.00000000 0.33822566]
[4600.00000000 40.00000000 40.00000000 0.14005052]
[4600.00000000 50.00000000 40.00000000 0.18741784]
[4600.00000000 60.00000000 40.00000000 0.22690413]
[4600.00000000 70.00000000 40.00000000 0.24308317]
[4600.00000000 80.00000000 40.00000000 0.27680894]
[4600.00000000 90.00000000 40.00000000 0.31035973]
[4600.00000000 100.00000000 40.00000000 0.31756383]
[4600.00000000 110.00000000 40.00000000 0.32735156]
[4600.00000000 120.00000000 40.00000000 0.33646942]
[4600.00000000 130.00000000 40.00000000 0.33515386]
[4600.00000000 140.00000000 40.00000000 0.33515386]
[4600.00000000 150.00000000 40.00000000 0.33515386]
[4600.00000000 160.00000000 40.00000000 0.33515386]
[4700.00000000 40.00000000 40.00000000 0.16082664]
[4700.00000000 50.00000000 40.00000000 0.21477725]
[4700.00000000 60.00000000 40.00000000 0.24273051]
[4700.00000000 70.00000000 40.00000000 0.25526507]
[4700.00000000 80.00000000 40.00000000 0.29408074]
[4700.00000000 90.00000000 40.00000000 0.31958177]
[4700.00000000 100.00000000 40.00000000 0.32396313]
[4700.00000000 110.00000000 40.00000000 0.32925624]
[4700.00000000 120.00000000 40.00000000 0.33798351]
[4700.00000000 130.00000000 40.00000000 0.33564909]
[4700.00000000 140.00000000 40.00000000 0.33564909]
[4700.00000000 150.00000000 40.00000000 0.33564909]
[4700.00000000 160.00000000 40.00000000 0.33564909]
[4800.00000000 40.00000000 40.00000000 0.17458303]
[4800.00000000 50.00000000 40.00000000 0.22435350]
[4800.00000000 60.00000000 40.00000000 0.23743817]
[4800.00000000 70.00000000 40.00000000 0.25933649]
[4800.00000000 80.00000000 40.00000000 0.29986848]
[4800.00000000 90.00000000 40.00000000 0.31821354]
[4800.00000000 100.00000000 40.00000000 0.32999638]
[4800.00000000 110.00000000 40.00000000 0.32740124]
[4800.00000000 120.00000000 40.00000000 0.33496901]
[4800.00000000 130.00000000 40.00000000 0.33121107]
[4800.00000000 140.00000000 40.00000000 0.33121107]
[4800.00000000 150.00000000 40.00000000 0.33121107]
[4800.00000000 160.00000000 40.00000000 0.30461494]
[4900.00000000 40.00000000 40.00000000 0.18381046]
[4900.00000000 50.00000000 40.00000000 0.23409605]
[4900.00000000 60.00000000 40.00000000 0.24939400]
[4900.00000000 70.00000000 40.00000000 0.27003836]
[4900.00000000 80.00000000 40.00000000 0.30666055]
[4900.00000000 90.00000000 40.00000000 0.32846267]
[4900.00000000 100.00000000 40.00000000 0.33656266]
[4900.00000000 110.00000000 40.00000000 0.33429736]
[4900.00000000 120.00000000 40.00000000 0.33429736]
[4900.00000000 130.00000000 40.00000000 0.32990996]
[4900.00000000 140.00000000 40.00000000 0.32990996]
[4900.00000000 150.00000000 40.00000000 0.32990996]
[4900.00000000 160.00000000 40.00000000 0.30275762]
[5000.00000000 40.00000000 40.00000000 0.19601904]
[5000.00000000 50.00000000 40.00000000 0.24778922]
[5000.00000000 60.00000000 40.00000000 0.25937749]
[5000.00000000 70.00000000 40.00000000 0.28359511]
[5000.00000000 80.00000000 40.00000000 0.31363088]
[5000.00000000 90.00000000 40.00000000 0.34197027]
[5000.00000000 100.00000000 40.00000000 0.34197027]
[5000.00000000 110.00000000 40.00000000 0.34412337]
[5000.00000000 120.00000000 40.00000000 0.34412337]
[5000.00000000 130.00000000 40.00000000 0.32695603]
[5000.00000000 140.00000000 40.00000000 0.32695603]
[5000.00000000 150.00000000 40.00000000 0.32695603]
[5000.00000000 160.00000000 40.00000000 0.30197291]
[5100.00000000 40.00000000 40.00000000 0.20766176]
[5100.00000000 50.00000000 40.00000000 0.26039836]
[5100.00000000 60.00000000 40.00000000 0.26986983]
[5100.00000000 70.00000000 40.00000000 0.29561790]
[5100.00000000 80.00000000 40.00000000 0.32797428]
[5100.00000000 90.00000000 40.00000000 0.35382267]
[5100.00000000 100.00000000 40.00000000 0.35382267]
[5100.00000000 110.00000000 40.00000000 0.34248311]
[5100.00000000 120.00000000 40.00000000 0.34248311]
[5100.00000000 130.00000000 40.00000000 0.32447653]
[5100.00000000 140.00000000 40.00000000 0.32447653]
[5100.00000000 150.00000000 40.00000000 0.32447653]
[5100.00000000 160.00000000 40.00000000 0.30004465]
[5200.00000000 40.00000000 40.00000000 0.22148732]
[5200.00000000 50.00000000 40.00000000 0.26844810]
[5200.00000000 60.00000000 40.00000000 0.27809333]
[5200.00000000 70.00000000 40.00000000 0.30895818]
[5200.00000000 80.00000000 40.00000000 0.34651679]
[5200.00000000 90.00000000 40.00000000 0.35109674]
[5200.00000000 100.00000000 40.00000000 0.35109674]
[5200.00000000 110.00000000 40.00000000 0.34031637]
[5200.00000000 120.00000000 40.00000000 0.34031637]
[5200.00000000 130.00000000 40.00000000 0.32199182]
[5200.00000000 140.00000000 40.00000000 0.32199182]
[5200.00000000 150.00000000 40.00000000 0.29753309]
[5200.00000000 160.00000000 40.00000000 0.29753309]
[5300.00000000 40.00000000 40.00000000 0.23893641]
[5300.00000000 50.00000000 40.00000000 0.27928711]
[5300.00000000 60.00000000 40.00000000 0.28656473]
[5300.00000000 70.00000000 40.00000000 0.31119280]
[5300.00000000 80.00000000 40.00000000 0.34817756]
[5300.00000000 90.00000000 40.00000000 0.35272989]
[5300.00000000 100.00000000 40.00000000 0.35272989]
[5300.00000000 110.00000000 40.00000000 0.34112353]
[5300.00000000 120.00000000 40.00000000 0.32526921]
[5300.00000000 130.00000000 40.00000000 0.30592503]
[5300.00000000 140.00000000 40.00000000 0.30592503]
[5300.00000000 150.00000000 40.00000000 0.28008719]
[5300.00000000 160.00000000 40.00000000 0.28008719]
[5400.00000000 40.00000000 40.00000000 0.25042318]
[5400.00000000 50.00000000 40.00000000 0.28618571]
[5400.00000000 60.00000000 40.00000000 0.28732057]
[5400.00000000 70.00000000 40.00000000 0.31609422]
[5400.00000000 80.00000000 40.00000000 0.34872242]
[5400.00000000 90.00000000 40.00000000 0.34872242]
[5400.00000000 100.00000000 40.00000000 0.34872242]
[5400.00000000 110.00000000 40.00000000 0.32166269]
[5400.00000000 120.00000000 40.00000000 0.32166269]
[5400.00000000 130.00000000 40.00000000 0.30172282]
[5400.00000000 140.00000000 40.00000000 0.30172282]
[5400.00000000 150.00000000 40.00000000 0.27782138]
[5400.00000000 160.00000000 40.00000000 0.27782138]
[5500.00000000 40.00000000 40.00000000 0.25682540]
[5500.00000000 50.00000000 40.00000000 0.28657457]
[5500.00000000 60.00000000 40.00000000 0.28436310]
[5500.00000000 70.00000000 40.00000000 0.31262660]
[5500.00000000 80.00000000 40.00000000 0.34174786]
[5500.00000000 90.00000000 40.00000000 0.34174786]
[5500.00000000 100.00000000 40.00000000 0.34174786]
[5500.00000000 110.00000000 40.00000000 0.31771463]
[5500.00000000 120.00000000 40.00000000 0.31771463]
[5500.00000000 130.00000000 40.00000000 0.29927346]
[5500.00000000 140.00000000 40.00000000 0.29927346]
[5500.00000000 150.00000000 40.00000000 0.27601018]
[5500.00000000 160.00000000 40.00000000 0.27601018]
[5600.00000000 40.00000000 40.00000000 0.27618497]
[5600.00000000 50.00000000 40.00000000 0.29948602]
[5600.00000000 60.00000000 40.00000000 0.29940828]
[5600.00000000 70.00000000 40.00000000 0.32115656]
[5600.00000000 80.00000000 40.00000000 0.34184056]
[5600.00000000 90.00000000 40.00000000 0.34184056]
[5600.00000000 100.00000000 40.00000000 0.34184056]
[5600.00000000 110.00000000 40.00000000 0.29857746]
[5600.00000000 120.00000000 40.00000000 0.29857746]
[5600.00000000 130.00000000 40.00000000 0.29857746]
[5600.00000000 140.00000000 40.00000000 0.29857746]
[5600.00000000 150.00000000 40.00000000 0.27512462]
[5600.00000000 160.00000000 40.00000000 0.23398471]
[5700.00000000 40.00000000 40.00000000 0.28474081]
[5700.00000000 50.00000000 40.00000000 0.30472718]
[5700.00000000 60.00000000 40.00000000 0.30355441]
[5700.00000000 70.00000000 40.00000000 0.32597251]
[5700.00000000 80.00000000 40.00000000 0.33721634]
[5700.00000000 90.00000000 40.00000000 0.33721634]
[5700.00000000 100.00000000 40.00000000 0.32525686]
[5700.00000000 110.00000000 40.00000000 0.29623800]
[5700.00000000 120.00000000 40.00000000 0.29623800]
[5700.00000000 130.00000000 40.00000000 0.29623800]
[5700.00000000 140.00000000 40.00000000 0.29623800]
[5700.00000000 150.00000000 40.00000000 0.27241826]
[5700.00000000 160.00000000 40.00000000 0.23090070]
[5800.00000000 40.00000000 40.00000000 0.28314260]
[5800.00000000 50.00000000 40.00000000 0.30741310]
[5800.00000000 60.00000000 40.00000000 0.30178881]
[5800.00000000 70.00000000 40.00000000 0.30231467]
[5800.00000000 80.00000000 40.00000000 0.29418362]
[5800.00000000 90.00000000 40.00000000 0.29418362]
[5800.00000000 100.00000000 40.00000000 0.28392654]
[5800.00000000 110.00000000 40.00000000 0.26580602]
[5800.00000000 120.00000000 40.00000000 0.26580602]
[5800.00000000 130.00000000 40.00000000 0.26580602]
[5800.00000000 140.00000000 40.00000000 0.26580602]
[5800.00000000 150.00000000 40.00000000 0.26580602]
[5800.00000000 160.00000000 40.00000000 0.22325175]
[5900.00000000 40.00000000 40.00000000 0.28419796]
[5900.00000000 50.00000000 40.00000000 0.30780285]
[5900.00000000 60.00000000 40.00000000 0.29783719]
[5900.00000000 70.00000000 40.00000000 0.28842749]
[5900.00000000 80.00000000 40.00000000 0.28842749]
[5900.00000000 90.00000000 40.00000000 0.28842749]
[5900.00000000 100.00000000 40.00000000 0.27793182]
[5900.00000000 110.00000000 40.00000000 0.26054467]
[5900.00000000 120.00000000 40.00000000 0.26054467]
[5900.00000000 130.00000000 40.00000000 0.26054467]
[5900.00000000 140.00000000 40.00000000 0.26054467]
[5900.00000000 150.00000000 40.00000000 0.26054467]
[5900.00000000 160.00000000 40.00000000 0.21785652]
[6000.00000000 40.00000000 40.00000000 0.28729963]
[6000.00000000 50.00000000 40.00000000 0.31396916]
[6000.00000000 60.00000000 40.00000000 0.30116369]
[6000.00000000 70.00000000 40.00000000 0.28589994]
[6000.00000000 80.00000000 40.00000000 0.28589994]
[6000.00000000 90.00000000 40.00000000 0.28589994]
[6000.00000000 100.00000000 40.00000000 0.27616853]
[6000.00000000 110.00000000 40.00000000 0.25845896]
[6000.00000000 120.00000000 40.00000000 0.25845896]
[6000.00000000 130.00000000 40.00000000 0.25845896]
[6000.00000000 140.00000000 40.00000000 0.25845896]
[6000.00000000 150.00000000 40.00000000 0.25845896]
[6000.00000000 160.00000000 40.00000000 0.21505566]
[6100.00000000 40.00000000 40.00000000 0.29216695]
[6100.00000000 50.00000000 40.00000000 0.31268166]
[6100.00000000 60.00000000 40.00000000 0.29584965]
[6100.00000000 70.00000000 40.00000000 0.27950311]
[6100.00000000 80.00000000 40.00000000 0.27950311]
[6100.00000000 90.00000000 40.00000000 0.26620712]
[6100.00000000 100.00000000 40.00000000 0.24156276]
[6100.00000000 110.00000000 40.00000000 0.22317959]
[6100.00000000 120.00000000 40.00000000 0.22317959]
[6100.00000000 130.00000000 40.00000000 0.22317959]
[6100.00000000 140.00000000 40.00000000 0.22317959]
[6100.00000000 150.00000000 40.00000000 0.22317959]
[6100.00000000 160.00000000 40.00000000 0.17940495]
[6200.00000000 40.00000000 40.00000000 0.29722922]
[6200.00000000 50.00000000 40.00000000 0.31067059]
[6200.00000000 60.00000000 40.00000000 0.28452285]
[6200.00000000 70.00000000 40.00000000 0.27964837]
[6200.00000000 80.00000000 40.00000000 0.28236476]
[6200.00000000 90.00000000 40.00000000 0.26887506]
[6200.00000000 100.00000000 40.00000000 0.24382769]
[6200.00000000 110.00000000 40.00000000 0.22384220]
[6200.00000000 120.00000000 40.00000000 0.22384220]
[6200.00000000 130.00000000 40.00000000 0.22384220]
[6200.00000000 140.00000000 40.00000000 0.22384220]
[6200.00000000 150.00000000 40.00000000 0.22384220]
[6200.00000000 160.00000000 40.00000000 0.17935274]
[6300.00000000 40.00000000 40.00000000 0.29400212]
[6300.00000000 50.00000000 40.00000000 0.29644766]
[6300.00000000 60.00000000 40.00000000 0.27120865]
[6300.00000000 70.00000000 40.00000000 0.26360887]
[6300.00000000 80.00000000 40.00000000 0.26606749]
[6300.00000000 90.00000000 40.00000000 0.25246851]
[6300.00000000 100.00000000 40.00000000 0.22888659]
[6300.00000000 110.00000000 40.00000000 0.20885417]
[6300.00000000 120.00000000 40.00000000 0.20885417]
[6300.00000000 130.00000000 40.00000000 0.20885417]
[6300.00000000 140.00000000 40.00000000 0.20885417]
[6300.00000000 150.00000000 40.00000000 0.20885417]
[6300.00000000 160.00000000 40.00000000 0.16502193]
[6400.00000000 40.00000000 40.00000000 0.28821632]
[6400.00000000 50.00000000 40.00000000 0.30004887]
[6400.00000000 60.00000000 40.00000000 0.26889074]
[6400.00000000 70.00000000 40.00000000 0.26115957]
[6400.00000000 80.00000000 40.00000000 0.26115957]
[6400.00000000 90.00000000 40.00000000 0.24806867]
[6400.00000000 100.00000000 40.00000000 0.22409012]
[6400.00000000 110.00000000 40.00000000 0.20439867]
[6400.00000000 120.00000000 40.00000000 0.20439867]
[6400.00000000 130.00000000 40.00000000 0.20439867]
[6400.00000000 140.00000000 40.00000000 0.20439867]
[6400.00000000 150.00000000 40.00000000 0.20439867]
[6400.00000000 160.00000000 40.00000000 0.16333272]
[6500.00000000 40.00000000 40.00000000 0.28949453]
[6500.00000000 50.00000000 40.00000000 0.29838575]
[6500.00000000 60.00000000 40.00000000 0.25426040]
[6500.00000000 70.00000000 40.00000000 0.24521739]
[6500.00000000 80.00000000 40.00000000 0.24521739]
[6500.00000000 90.00000000 40.00000000 0.23200000]
[6500.00000000 100.00000000 40.00000000 0.20788782]
[6500.00000000 110.00000000 40.00000000 0.19061894]
[6500.00000000 120.00000000 40.00000000 0.19061894]
[6500.00000000 130.00000000 40.00000000 0.16812110]
[6500.00000000 140.00000000 40.00000000 0.16812110]
[6500.00000000 150.00000000 40.00000000 0.16812110]
[6500.00000000 160.00000000 40.00000000 0.12422825]
