[2500.00000000 40.00000000 40.00000000 0.05651724]
[2500.00000000 50.00000000 40.00000000 0.06914684]
[2500.00000000 60.00000000 40.00000000 0.08608468]
[2500.00000000 70.00000000 40.00000000 0.09870018]
[2500.00000000 80.00000000 40.00000000 0.11534602]
[2500.00000000 90.00000000 40.00000000 0.12922546]
[2500.00000000 100.00000000 40.00000000 0.13883798]
[2500.00000000 110.00000000 40.00000000 0.15163301]
[2500.00000000 120.00000000 40.00000000 0.16126067]
[2500.00000000 130.00000000 40.00000000 0.17034596]
[2500.00000000 140.00000000 40.00000000 0.17653912]
[2500.00000000 150.00000000 40.00000000 0.17776296]
[2500.00000000 160.00000000 40.00000000 0.18867444]
[2600.00000000 40.00000000 40.00000000 0.06256905]
[2600.00000000 50.00000000 40.00000000 0.07680894]
[2600.00000000 60.00000000 40.00000000 0.09626337]
[2600.00000000 70.00000000 40.00000000 0.10968383]
[2600.00000000 80.00000000 40.00000000 0.12721024]
[2600.00000000 90.00000000 40.00000000 0.14121609]
[2600.00000000 100.00000000 40.00000000 0.15765680]
[2600.00000000 110.00000000 40.00000000 0.16737818]
[2600.00000000 120.00000000 40.00000000 0.18033367]
[2600.00000000 130.00000000 40.00000000 0.18761503]
[2600.00000000 140.00000000 40.00000000 0.19258269]
[2600.00000000 150.00000000 40.00000000 0.19389009]
[2600.00000000 160.00000000 40.00000000 0.19868066]
[2700.00000000 40.00000000 40.00000000 0.06982272]
[2700.00000000 50.00000000 40.00000000 0.08464063]
[2700.00000000 60.00000000 40.00000000 0.10493095]
[2700.00000000 70.00000000 40.00000000 0.12054179]
[2700.00000000 80.00000000 40.00000000 0.13662342]
[2700.00000000 90.00000000 40.00000000 0.15609361]
[2700.00000000 100.00000000 40.00000000 0.17535875]
[2700.00000000 110.00000000 40.00000000 0.18341687]
[2700.00000000 120.00000000 40.00000000 0.19451786]
[2700.00000000 130.00000000 40.00000000 0.20666372]
[2700.00000000 140.00000000 40.00000000 0.21256572]
[2700.00000000 150.00000000 40.00000000 0.21651461]
[2700.00000000 160.00000000 40.00000000 0.22756488]
[2800.00000000 40.00000000 40.00000000 0.07682161]
[2800.00000000 50.00000000 40.00000000 0.09445410]
[2800.00000000 60.00000000 40.00000000 0.11705908]
[2800.00000000 70.00000000 40.00000000 0.13576007]
[2800.00000000 80.00000000 40.00000000 0.15202648]
[2800.00000000 90.00000000 40.00000000 0.17258440]
[2800.00000000 100.00000000 40.00000000 0.18888631]
[2800.00000000 110.00000000 40.00000000 0.19556875]
[2800.00000000 120.00000000 40.00000000 0.21173072]
[2800.00000000 130.00000000 40.00000000 0.22041630]
[2800.00000000 140.00000000 40.00000000 0.22668983]
[2800.00000000 150.00000000 40.00000000 0.23057618]
[2800.00000000 160.00000000 40.00000000 0.23623787]
[2900.00000000 40.00000000 40.00000000 0.08301106]
[2900.00000000 50.00000000 40.00000000 0.10350517]
[2900.00000000 60.00000000 40.00000000 0.12711577]
[2900.00000000 70.00000000 40.00000000 0.14746970]
[2900.00000000 80.00000000 40.00000000 0.16671896]
[2900.00000000 90.00000000 40.00000000 0.18932803]
[2900.00000000 100.00000000 40.00000000 0.20905603]
[2900.00000000 110.00000000 40.00000000 0.22656528]
[2900.00000000 120.00000000 40.00000000 0.24191835]
[2900.00000000 130.00000000 40.00000000 0.25320678]
[2900.00000000 140.00000000 40.00000000 0.26627688]
[2900.00000000 150.00000000 40.00000000 0.26627688]
[2900.00000000 160.00000000 40.00000000 0.27367156]
[3000.00000000 40.00000000 40.00000000 0.08943261]
[3000.00000000 50.00000000 40.00000000 0.11010681]
[3000.00000000 60.00000000 40.00000000 0.13432836]
[3000.00000000 70.00000000 40.00000000 0.15756255]
[3000.00000000 80.00000000 40.00000000 0.18135955]
[3000.00000000 90.00000000 40.00000000 0.20060504]
[3000.00000000 100.00000000 40.00000000 0.22166709]
[3000.00000000 110.00000000 40.00000000 0.23638315]
[3000.00000000 120.00000000 40.00000000 0.24354316]
[3000.00000000 130.00000000 40.00000000 0.25999157]
[3000.00000000 140.00000000 40.00000000 0.26823540]
[3000.00000000 150.00000000 40.00000000 0.26823540]
[3000.00000000 160.00000000 40.00000000 0.27555853]
[3100.00000000 40.00000000 40.00000000 0.09570439]
[3100.00000000 50.00000000 40.00000000 0.11996671]
[3100.00000000 60.00000000 40.00000000 0.14423564]
[3100.00000000 70.00000000 40.00000000 0.17244892]
[3100.00000000 80.00000000 40.00000000 0.19796333]
[3100.00000000 90.00000000 40.00000000 0.22321137]
[3100.00000000 100.00000000 40.00000000 0.24160308]
[3100.00000000 110.00000000 40.00000000 0.25412650]
[3100.00000000 120.00000000 40.00000000 0.25865263]
[3100.00000000 130.00000000 40.00000000 0.27664940]
[3100.00000000 140.00000000 40.00000000 0.29235675]
[3100.00000000 150.00000000 40.00000000 0.29235675]
[3100.00000000 160.00000000 40.00000000 0.30065583]
[3200.00000000 40.00000000 40.00000000 0.10453806]
[3200.00000000 50.00000000 40.00000000 0.13545543]
[3200.00000000 60.00000000 40.00000000 0.16282602]
[3200.00000000 70.00000000 40.00000000 0.19128188]
[3200.00000000 80.00000000 40.00000000 0.22145216]
[3200.00000000 90.00000000 40.00000000 0.23510151]
[3200.00000000 100.00000000 40.00000000 0.25465242]
[3200.00000000 110.00000000 40.00000000 0.27536886]
[3200.00000000 120.00000000 40.00000000 0.27820577]
[3200.00000000 130.00000000 40.00000000 0.29772184]
[3200.00000000 140.00000000 40.00000000 0.30773497]
[3200.00000000 150.00000000 40.00000000 0.30773497]
[3200.00000000 160.00000000 40.00000000 0.30730277]
[3300.00000000 40.00000000 40.00000000 0.11129574]
[3300.00000000 50.00000000 40.00000000 0.14595000]
[3300.00000000 60.00000000 40.00000000 0.17327737]
[3300.00000000 70.00000000 40.00000000 0.20917500]
[3300.00000000 80.00000000 40.00000000 0.23624912]
[3300.00000000 90.00000000 40.00000000 0.26240549]
[3300.00000000 100.00000000 40.00000000 0.26648133]
[3300.00000000 110.00000000 40.00000000 0.29109226]
[3300.00000000 120.00000000 40.00000000 0.29324075]
[3300.00000000 130.00000000 40.00000000 0.32189116]
[3300.00000000 140.00000000 40.00000000 0.32189116]
[3300.00000000 150.00000000 40.00000000 0.32189116]
[3300.00000000 160.00000000 40.00000000 0.32813848]
[3400.00000000 40.00000000 40.00000000 0.12066077]
[3400.00000000 50.00000000 40.00000000 0.15429454]
[3400.00000000 60.00000000 40.00000000 0.18422559]
[3400.00000000 70.00000000 40.00000000 0.22707018]
[3400.00000000 80.00000000 40.00000000 0.25548936]
[3400.00000000 90.00000000 40.00000000 0.28780979]
[3400.00000000 100.00000000 40.00000000 0.29515289]
[3400.00000000 110.00000000 40.00000000 0.32040130]
[3400.00000000 120.00000000 40.00000000 0.32040130]
[3400.00000000 130.00000000 40.00000000 0.34537506]
[3400.00000000 140.00000000 40.00000000 0.34537506]
[3400.00000000 150.00000000 40.00000000 0.34537506]
[3400.00000000 160.00000000 40.00000000 0.36414997]
[3500.00000000 40.00000000 40.00000000 0.12804151]
[3500.00000000 50.00000000 40.00000000 0.16474642]
[3500.00000000 60.00000000 40.00000000 0.19794227]
[3500.00000000 70.00000000 40.00000000 0.25179226]
[3500.00000000 80.00000000 40.00000000 0.26971952]
[3500.00000000 90.00000000 40.00000000 0.30107908]
[3500.00000000 100.00000000 40.00000000 0.30908051]
[3500.00000000 110.00000000 40.00000000 0.34685421]
[3500.00000000 120.00000000 40.00000000 0.34685421]
[3500.00000000 130.00000000 40.00000000 0.36277622]
[3500.00000000 140.00000000 40.00000000 0.36277622]
[3500.00000000 150.00000000 40.00000000 0.36277622]
[3500.00000000 160.00000000 40.00000000 0.37091870]
[3600.00000000 40.00000000 40.00000000 0.13692020]
[3600.00000000 50.00000000 40.00000000 0.17482437]
[3600.00000000 60.00000000 40.00000000 0.20981690]
[3600.00000000 70.00000000 40.00000000 0.25971831]
[3600.00000000 80.00000000 40.00000000 0.28695271]
[3600.00000000 90.00000000 40.00000000 0.31298805]
[3600.00000000 100.00000000 40.00000000 0.32330992]
[3600.00000000 110.00000000 40.00000000 0.35663701]
[3600.00000000 120.00000000 40.00000000 0.35663701]
[3600.00000000 130.00000000 40.00000000 0.37336037]
[3600.00000000 140.00000000 40.00000000 0.37336037]
[3600.00000000 150.00000000 40.00000000 0.37336037]
[3600.00000000 160.00000000 40.00000000 0.38172338]
[3700.00000000 40.00000000 40.00000000 0.14603924]
[3700.00000000 50.00000000 40.00000000 0.18290192]
[3700.00000000 60.00000000 40.00000000 0.22047841]
[3700.00000000 70.00000000 40.00000000 0.27300038]
[3700.00000000 80.00000000 40.00000000 0.29232892]
[3700.00000000 90.00000000 40.00000000 0.31503002]
[3700.00000000 100.00000000 40.00000000 0.32711884]
[3700.00000000 110.00000000 40.00000000 0.36449372]
[3700.00000000 120.00000000 40.00000000 0.36449372]
[3700.00000000 130.00000000 40.00000000 0.37456617]
[3700.00000000 140.00000000 40.00000000 0.37456617]
[3700.00000000 150.00000000 40.00000000 0.38497779]
[3700.00000000 160.00000000 40.00000000 0.38161521]
[3800.00000000 40.00000000 40.00000000 0.15594209]
[3800.00000000 50.00000000 40.00000000 0.19092810]
[3800.00000000 60.00000000 40.00000000 0.23340636]
[3800.00000000 70.00000000 40.00000000 0.28116905]
[3800.00000000 80.00000000 40.00000000 0.30476652]
[3800.00000000 90.00000000 40.00000000 0.32564957]
[3800.00000000 100.00000000 40.00000000 0.34071089]
[3800.00000000 110.00000000 40.00000000 0.37593735]
[3800.00000000 120.00000000 40.00000000 0.37593735]
[3800.00000000 130.00000000 40.00000000 0.38661025]
[3800.00000000 140.00000000 40.00000000 0.38661025]
[3800.00000000 150.00000000 40.00000000 0.39729294]
[3800.00000000 160.00000000 40.00000000 0.39395948]
[3900.00000000 40.00000000 40.00000000 0.16265995]
[3900.00000000 50.00000000 40.00000000 0.20251724]
[3900.00000000 60.00000000 40.00000000 0.23836602]
[3900.00000000 70.00000000 40.00000000 0.28934221]
[3900.00000000 80.00000000 40.00000000 0.30798205]
[3900.00000000 90.00000000 40.00000000 0.33536401]
[3900.00000000 100.00000000 40.00000000 0.36610259]
[3900.00000000 110.00000000 40.00000000 0.37972955]
[3900.00000000 120.00000000 40.00000000 0.38987448]
[3900.00000000 130.00000000 40.00000000 0.40144404]
[3900.00000000 140.00000000 40.00000000 0.40144404]
[3900.00000000 150.00000000 40.00000000 0.41246291]
[3900.00000000 160.00000000 40.00000000 0.40939597]
[4000.00000000 40.00000000 40.00000000 0.17184186]
[4000.00000000 50.00000000 40.00000000 0.21322277]
[4000.00000000 60.00000000 40.00000000 0.25015458]
[4000.00000000 70.00000000 40.00000000 0.29651693]
[4000.00000000 80.00000000 40.00000000 0.31526391]
[4000.00000000 90.00000000 40.00000000 0.34342367]
[4000.00000000 100.00000000 40.00000000 0.37488126]
[4000.00000000 110.00000000 40.00000000 0.39808344]
[4000.00000000 120.00000000 40.00000000 0.39808344]
[4000.00000000 130.00000000 40.00000000 0.40995771]
[4000.00000000 140.00000000 40.00000000 0.40995771]
[4000.00000000 150.00000000 40.00000000 0.42114490]
[4000.00000000 160.00000000 40.00000000 0.41764847]
[4100.00000000 40.00000000 40.00000000 0.17867032]
[4100.00000000 50.00000000 40.00000000 0.22141518]
[4100.00000000 60.00000000 40.00000000 0.25223614]
[4100.00000000 70.00000000 40.00000000 0.30691171]
[4100.00000000 80.00000000 40.00000000 0.32247364]
[4100.00000000 90.00000000 40.00000000 0.35133914]
[4100.00000000 100.00000000 40.00000000 0.38370454]
[4100.00000000 110.00000000 40.00000000 0.39853587]
[4100.00000000 120.00000000 40.00000000 0.39853587]
[4100.00000000 130.00000000 40.00000000 0.41037238]
[4100.00000000 140.00000000 40.00000000 0.41037238]
[4100.00000000 150.00000000 40.00000000 0.42126441]
[4100.00000000 160.00000000 40.00000000 0.41762265]
[4200.00000000 40.00000000 40.00000000 0.18792079]
[4200.00000000 50.00000000 40.00000000 0.23074713]
[4200.00000000 60.00000000 40.00000000 0.26211710]
[4200.00000000 70.00000000 40.00000000 0.31896196]
[4200.00000000 80.00000000 40.00000000 0.32793645]
[4200.00000000 90.00000000 40.00000000 0.35750645]
[4200.00000000 100.00000000 40.00000000 0.38892485]
[4200.00000000 110.00000000 40.00000000 0.40403437]
[4200.00000000 120.00000000 40.00000000 0.40403437]
[4200.00000000 130.00000000 40.00000000 0.41616006]
[4200.00000000 140.00000000 40.00000000 0.42505698]
[4200.00000000 150.00000000 40.00000000 0.42505698]
[4200.00000000 160.00000000 40.00000000 0.42084846]
[4300.00000000 40.00000000 40.00000000 0.19585871]
[4300.00000000 50.00000000 40.00000000 0.24790179]
[4300.00000000 60.00000000 40.00000000 0.28536390]
[4300.00000000 70.00000000 40.00000000 0.32171195]
[4300.00000000 80.00000000 40.00000000 0.33271167]
[4300.00000000 90.00000000 40.00000000 0.36385886]
[4300.00000000 100.00000000 40.00000000 0.39165752]
[4300.00000000 110.00000000 40.00000000 0.40677966]
[4300.00000000 120.00000000 40.00000000 0.40677966]
[4300.00000000 130.00000000 40.00000000 0.41897605]
[4300.00000000 140.00000000 40.00000000 0.42795458]
[4300.00000000 150.00000000 40.00000000 0.42795458]
[4300.00000000 160.00000000 40.00000000 0.42335766]
[4400.00000000 40.00000000 40.00000000 0.20216895]
[4400.00000000 50.00000000 40.00000000 0.25319765]
[4400.00000000 60.00000000 40.00000000 0.28986140]
[4400.00000000 70.00000000 40.00000000 0.33268617]
[4400.00000000 80.00000000 40.00000000 0.33639415]
[4400.00000000 90.00000000 40.00000000 0.36779063]
[4400.00000000 100.00000000 40.00000000 0.39603370]
[4400.00000000 110.00000000 40.00000000 0.41136839]
[4400.00000000 120.00000000 40.00000000 0.41136839]
[4400.00000000 130.00000000 40.00000000 0.42384106]
[4400.00000000 140.00000000 40.00000000 0.43271424]
[4400.00000000 150.00000000 40.00000000 0.43271424]
[4400.00000000 160.00000000 40.00000000 0.42815650]
[4500.00000000 40.00000000 40.00000000 0.21184510]
[4500.00000000 50.00000000 40.00000000 0.26494073]
[4500.00000000 60.00000000 40.00000000 0.30444638]
[4500.00000000 70.00000000 40.00000000 0.33544669]
[4500.00000000 80.00000000 40.00000000 0.34313790]
[4500.00000000 90.00000000 40.00000000 0.37594201]
[4500.00000000 100.00000000 40.00000000 0.40538658]
[4500.00000000 110.00000000 40.00000000 0.42153549]
[4500.00000000 120.00000000 40.00000000 0.42153549]
[4500.00000000 130.00000000 40.00000000 0.43461666]
[4500.00000000 140.00000000 40.00000000 0.43461666]
[4500.00000000 150.00000000 40.00000000 0.44446330]
[4500.00000000 160.00000000 40.00000000 0.42929161]
[4600.00000000 40.00000000 40.00000000 0.21761178]
[4600.00000000 50.00000000 40.00000000 0.27143961]
[4600.00000000 60.00000000 40.00000000 0.30970172]
[4600.00000000 70.00000000 40.00000000 0.33820745]
[4600.00000000 80.00000000 40.00000000 0.34879494]
[4600.00000000 90.00000000 40.00000000 0.39113695]
[4600.00000000 100.00000000 40.00000000 0.41698189]
[4600.00000000 110.00000000 40.00000000 0.42387303]
[4600.00000000 120.00000000 40.00000000 0.42469957]
[4600.00000000 130.00000000 40.00000000 0.42469957]
[4600.00000000 140.00000000 40.00000000 0.42469957]
[4600.00000000 150.00000000 40.00000000 0.43436192]
[4600.00000000 160.00000000 40.00000000 0.41850299]
[4700.00000000 40.00000000 40.00000000 0.22086043]
[4700.00000000 50.00000000 40.00000000 0.27515455]
[4700.00000000 60.00000000 40.00000000 0.31155378]
[4700.00000000 70.00000000 40.00000000 0.33787557]
[4700.00000000 80.00000000 40.00000000 0.34774578]
[4700.00000000 90.00000000 40.00000000 0.39018961]
[4700.00000000 100.00000000 40.00000000 0.41578732]
[4700.00000000 110.00000000 40.00000000 0.42270270]
[4700.00000000 120.00000000 40.00000000 0.42427656]
[4700.00000000 130.00000000 40.00000000 0.42427656]
[4700.00000000 140.00000000 40.00000000 0.42427656]
[4700.00000000 150.00000000 40.00000000 0.43401578]
[4700.00000000 160.00000000 40.00000000 0.41739130]
[4800.00000000 40.00000000 40.00000000 0.22536244]
[4800.00000000 50.00000000 40.00000000 0.27691125]
[4800.00000000 60.00000000 40.00000000 0.31436807]
[4800.00000000 70.00000000 40.00000000 0.34004338]
[4800.00000000 80.00000000 40.00000000 0.35328498]
[4800.00000000 90.00000000 40.00000000 0.39180008]
[4800.00000000 100.00000000 40.00000000 0.41766567]
[4800.00000000 110.00000000 40.00000000 0.42459377]
[4800.00000000 120.00000000 40.00000000 0.42587696]
[4800.00000000 130.00000000 40.00000000 0.42587696]
[4800.00000000 140.00000000 40.00000000 0.43437612]
[4800.00000000 150.00000000 40.00000000 0.43437612]
[4800.00000000 160.00000000 40.00000000 0.41730186]
[4900.00000000 40.00000000 40.00000000 0.23665032]
[4900.00000000 50.00000000 40.00000000 0.28819143]
[4900.00000000 60.00000000 40.00000000 0.31949273]
[4900.00000000 70.00000000 40.00000000 0.34434191]
[4900.00000000 80.00000000 40.00000000 0.36205136]
[4900.00000000 90.00000000 40.00000000 0.39716709]
[4900.00000000 100.00000000 40.00000000 0.42364490]
[4900.00000000 110.00000000 40.00000000 0.43051700]
[4900.00000000 120.00000000 40.00000000 0.43191259]
[4900.00000000 130.00000000 40.00000000 0.44054527]
[4900.00000000 140.00000000 40.00000000 0.44054527]
[4900.00000000 150.00000000 40.00000000 0.44054527]
[4900.00000000 160.00000000 40.00000000 0.42307692]
[5000.00000000 40.00000000 40.00000000 0.24751994]
[5000.00000000 50.00000000 40.00000000 0.29021856]
[5000.00000000 60.00000000 40.00000000 0.32450020]
[5000.00000000 70.00000000 40.00000000 0.34145136]
[5000.00000000 80.00000000 40.00000000 0.35880128]
[5000.00000000 90.00000000 40.00000000 0.39341196]
[5000.00000000 100.00000000 40.00000000 0.41940519]
[5000.00000000 110.00000000 40.00000000 0.41476212]
[5000.00000000 120.00000000 40.00000000 0.42726273]
[5000.00000000 130.00000000 40.00000000 0.43568426]
[5000.00000000 140.00000000 40.00000000 0.43568426]
[5000.00000000 150.00000000 40.00000000 0.43568426]
[5000.00000000 160.00000000 40.00000000 0.39580093]
[5100.00000000 40.00000000 40.00000000 0.25153436]
[5100.00000000 50.00000000 40.00000000 0.29793345]
[5100.00000000 60.00000000 40.00000000 0.32611221]
[5100.00000000 70.00000000 40.00000000 0.34592244]
[5100.00000000 80.00000000 40.00000000 0.36020531]
[5100.00000000 90.00000000 40.00000000 0.39470637]
[5100.00000000 100.00000000 40.00000000 0.42062583]
[5100.00000000 110.00000000 40.00000000 0.41557621]
[5100.00000000 120.00000000 40.00000000 0.42809333]
[5100.00000000 130.00000000 40.00000000 0.43641016]
[5100.00000000 140.00000000 40.00000000 0.43641016]
[5100.00000000 150.00000000 40.00000000 0.43641016]
[5100.00000000 160.00000000 40.00000000 0.39605911]
[5200.00000000 40.00000000 40.00000000 0.26125437]
[5200.00000000 50.00000000 40.00000000 0.29596413]
[5200.00000000 60.00000000 40.00000000 0.32768281]
[5200.00000000 70.00000000 40.00000000 0.34038164]
[5200.00000000 80.00000000 40.00000000 0.35350830]
[5200.00000000 90.00000000 40.00000000 0.38764893]
[5200.00000000 100.00000000 40.00000000 0.41961853]
[5200.00000000 110.00000000 40.00000000 0.40808857]
[5200.00000000 120.00000000 40.00000000 0.42031854]
[5200.00000000 130.00000000 40.00000000 0.42826964]
[5200.00000000 140.00000000 40.00000000 0.42826964]
[5200.00000000 150.00000000 40.00000000 0.42826964]
[5200.00000000 160.00000000 40.00000000 0.38683005]
[5300.00000000 40.00000000 40.00000000 0.27170529]
[5300.00000000 50.00000000 40.00000000 0.30095804]
[5300.00000000 60.00000000 40.00000000 0.33289483]
[5300.00000000 70.00000000 40.00000000 0.34188996]
[5300.00000000 80.00000000 40.00000000 0.36309287]
[5300.00000000 90.00000000 40.00000000 0.39882672]
[5300.00000000 100.00000000 40.00000000 0.40800223]
[5300.00000000 110.00000000 40.00000000 0.40800223]
[5300.00000000 120.00000000 40.00000000 0.42017208]
[5300.00000000 130.00000000 40.00000000 0.42794547]
[5300.00000000 140.00000000 40.00000000 0.42794547]
[5300.00000000 150.00000000 40.00000000 0.42794547]
[5300.00000000 160.00000000 40.00000000 0.38575608]
[5400.00000000 40.00000000 40.00000000 0.27756836]
[5400.00000000 50.00000000 40.00000000 0.31267429]
[5400.00000000 60.00000000 40.00000000 0.33580413]
[5400.00000000 70.00000000 40.00000000 0.34889148]
[5400.00000000 80.00000000 40.00000000 0.36831732]
[5400.00000000 90.00000000 40.00000000 0.40116279]
[5400.00000000 100.00000000 40.00000000 0.41010331]
[5400.00000000 110.00000000 40.00000000 0.41010331]
[5400.00000000 120.00000000 40.00000000 0.42231115]
[5400.00000000 130.00000000 40.00000000 0.42994833]
[5400.00000000 140.00000000 40.00000000 0.41936795]
[5400.00000000 150.00000000 40.00000000 0.37555089]
[5400.00000000 160.00000000 40.00000000 0.37555089]
[5500.00000000 40.00000000 40.00000000 0.28085845]
[5500.00000000 50.00000000 40.00000000 0.31143466]
[5500.00000000 60.00000000 40.00000000 0.34037103]
[5500.00000000 70.00000000 40.00000000 0.34694200]
[5500.00000000 80.00000000 40.00000000 0.36864229]
[5500.00000000 90.00000000 40.00000000 0.39758818]
[5500.00000000 100.00000000 40.00000000 0.40633701]
[5500.00000000 110.00000000 40.00000000 0.40633701]
[5500.00000000 120.00000000 40.00000000 0.41842990]
[5500.00000000 130.00000000 40.00000000 0.42596880]
[5500.00000000 140.00000000 40.00000000 0.41613501]
[5500.00000000 150.00000000 40.00000000 0.37160729]
[5500.00000000 160.00000000 40.00000000 0.34278602]
[5600.00000000 40.00000000 40.00000000 0.28628564]
[5600.00000000 50.00000000 40.00000000 0.31146709]
[5600.00000000 60.00000000 40.00000000 0.33925470]
[5600.00000000 70.00000000 40.00000000 0.34561248]
[5600.00000000 80.00000000 40.00000000 0.36713944]
[5600.00000000 90.00000000 40.00000000 0.39570863]
[5600.00000000 100.00000000 40.00000000 0.40424703]
[5600.00000000 110.00000000 40.00000000 0.40424703]
[5600.00000000 120.00000000 40.00000000 0.41624875]
[5600.00000000 130.00000000 40.00000000 0.42359906]
[5600.00000000 140.00000000 40.00000000 0.39033143]
[5600.00000000 150.00000000 40.00000000 0.36909871]
[5600.00000000 160.00000000 40.00000000 0.34139932]
[5700.00000000 40.00000000 40.00000000 0.28770821]
[5700.00000000 50.00000000 40.00000000 0.31191511]
[5700.00000000 60.00000000 40.00000000 0.33934584]
[5700.00000000 70.00000000 40.00000000 0.34546642]
[5700.00000000 80.00000000 40.00000000 0.36658872]
[5700.00000000 90.00000000 40.00000000 0.39534884]
[5700.00000000 100.00000000 40.00000000 0.40327513]
[5700.00000000 110.00000000 40.00000000 0.40327513]
[5700.00000000 120.00000000 40.00000000 0.41502538]
[5700.00000000 130.00000000 40.00000000 0.42235768]
[5700.00000000 140.00000000 40.00000000 0.38936920]
[5700.00000000 150.00000000 40.00000000 0.36861512]
[5700.00000000 160.00000000 40.00000000 0.34078089]
[5800.00000000 40.00000000 40.00000000 0.29154578]
[5800.00000000 50.00000000 40.00000000 0.31440162]
[5800.00000000 60.00000000 40.00000000 0.34166054]
[5800.00000000 70.00000000 40.00000000 0.34764911]
[5800.00000000 80.00000000 40.00000000 0.36817102]
[5800.00000000 90.00000000 40.00000000 0.39649455]
[5800.00000000 100.00000000 40.00000000 0.40359281]
[5800.00000000 110.00000000 40.00000000 0.40359281]
[5800.00000000 120.00000000 40.00000000 0.41519507]
[5800.00000000 130.00000000 40.00000000 0.42230576]
[5800.00000000 140.00000000 40.00000000 0.38879914]
[5800.00000000 150.00000000 40.00000000 0.34002006]
[5800.00000000 160.00000000 40.00000000 0.34002006]
[5900.00000000 40.00000000 40.00000000 0.30125345]
[5900.00000000 50.00000000 40.00000000 0.32523084]
[5900.00000000 60.00000000 40.00000000 0.34301648]
[5900.00000000 70.00000000 40.00000000 0.34923729]
[5900.00000000 80.00000000 40.00000000 0.36771661]
[5900.00000000 90.00000000 40.00000000 0.39571730]
[5900.00000000 100.00000000 40.00000000 0.40258690]
[5900.00000000 110.00000000 40.00000000 0.40258690]
[5900.00000000 120.00000000 40.00000000 0.41387908]
[5900.00000000 130.00000000 40.00000000 0.39645228]
[5900.00000000 140.00000000 40.00000000 0.37311627]
[5900.00000000 150.00000000 40.00000000 0.32377702]
[5900.00000000 160.00000000 40.00000000 0.32377702]
[6000.00000000 40.00000000 40.00000000 0.30525926]
[6000.00000000 50.00000000 40.00000000 0.32923376]
[6000.00000000 60.00000000 40.00000000 0.34870169]
[6000.00000000 70.00000000 40.00000000 0.35490624]
[6000.00000000 80.00000000 40.00000000 0.37163211]
[6000.00000000 90.00000000 40.00000000 0.38697318]
[6000.00000000 100.00000000 40.00000000 0.40574784]
[6000.00000000 110.00000000 40.00000000 0.40574784]
[6000.00000000 120.00000000 40.00000000 0.41576947]
[6000.00000000 130.00000000 40.00000000 0.39766211]
[6000.00000000 140.00000000 40.00000000 0.37399822]
[6000.00000000 150.00000000 40.00000000 0.32425913]
[6000.00000000 160.00000000 40.00000000 0.32425913]
[6100.00000000 40.00000000 40.00000000 0.30826094]
[6100.00000000 50.00000000 40.00000000 0.32907638]
[6100.00000000 60.00000000 40.00000000 0.35062769]
[6100.00000000 70.00000000 40.00000000 0.35370174]
[6100.00000000 80.00000000 40.00000000 0.36960948]
[6100.00000000 90.00000000 40.00000000 0.38848125]
[6100.00000000 100.00000000 40.00000000 0.38868518]
[6100.00000000 110.00000000 40.00000000 0.38868518]
[6100.00000000 120.00000000 40.00000000 0.40493342]
[6100.00000000 130.00000000 40.00000000 0.39310728]
[6100.00000000 140.00000000 40.00000000 0.36929461]
[6100.00000000 150.00000000 40.00000000 0.31995837]
[6100.00000000 160.00000000 40.00000000 0.31995837]
[6200.00000000 40.00000000 40.00000000 0.31266150]
[6200.00000000 50.00000000 40.00000000 0.33215429]
[6200.00000000 60.00000000 40.00000000 0.35170323]
[6200.00000000 70.00000000 40.00000000 0.35474006]
[6200.00000000 80.00000000 40.00000000 0.37050258]
[6200.00000000 90.00000000 40.00000000 0.38860631]
[6200.00000000 100.00000000 40.00000000 0.38891244]
[6200.00000000 110.00000000 40.00000000 0.38891244]
[6200.00000000 120.00000000 40.00000000 0.40514576]
[6200.00000000 130.00000000 40.00000000 0.39298561]
[6200.00000000 140.00000000 40.00000000 0.36968598]
[6200.00000000 150.00000000 40.00000000 0.32015395]
[6200.00000000 160.00000000 40.00000000 0.32015395]
[6300.00000000 40.00000000 40.00000000 0.31226558]
[6300.00000000 50.00000000 40.00000000 0.33153200]
[6300.00000000 60.00000000 40.00000000 0.35056689]
[6300.00000000 70.00000000 40.00000000 0.35553307]
[6300.00000000 80.00000000 40.00000000 0.38366091]
[6300.00000000 90.00000000 40.00000000 0.38625812]
[6300.00000000 100.00000000 40.00000000 0.38678130]
[6300.00000000 110.00000000 40.00000000 0.39445419]
[6300.00000000 120.00000000 40.00000000 0.40077951]
[6300.00000000 130.00000000 40.00000000 0.38781979]
[6300.00000000 140.00000000 40.00000000 0.36487103]
[6300.00000000 150.00000000 40.00000000 0.31550551]
[6300.00000000 160.00000000 40.00000000 0.31550551]
[6400.00000000 40.00000000 40.00000000 0.31319873]
[6400.00000000 50.00000000 40.00000000 0.32308094]
[6400.00000000 60.00000000 40.00000000 0.34159374]
[6400.00000000 70.00000000 40.00000000 0.35547886]
[6400.00000000 80.00000000 40.00000000 0.37949033]
[6400.00000000 90.00000000 40.00000000 0.36666314]
[6400.00000000 100.00000000 40.00000000 0.36615689]
[6400.00000000 110.00000000 40.00000000 0.37338719]
[6400.00000000 120.00000000 40.00000000 0.37934572]
[6400.00000000 130.00000000 40.00000000 0.35962690]
[6400.00000000 140.00000000 40.00000000 0.33600279]
[6400.00000000 150.00000000 40.00000000 0.30846299]
[6400.00000000 160.00000000 40.00000000 0.30846299]
[6500.00000000 40.00000000 40.00000000 0.31813097]
[6500.00000000 50.00000000 40.00000000 0.32750269]
[6500.00000000 60.00000000 40.00000000 0.34407690]
[6500.00000000 70.00000000 40.00000000 0.34793713]
[6500.00000000 80.00000000 40.00000000 0.37174643]
[6500.00000000 90.00000000 40.00000000 0.36716738]
[6500.00000000 100.00000000 40.00000000 0.36514983]
[6500.00000000 110.00000000 40.00000000 0.37238257]
[6500.00000000 120.00000000 40.00000000 0.37785690]
[6500.00000000 130.00000000 40.00000000 0.35854309]
[6500.00000000 140.00000000 40.00000000 0.33543638]
[6500.00000000 150.00000000 40.00000000 0.30771056]
[6500.00000000 160.00000000 40.00000000 0.30771056]
