[2500.00000000 40.00000000 40.00000000 0.24568577]
[2500.00000000 50.00000000 40.00000000 0.28638516]
[2500.00000000 60.00000000 40.00000000 0.32443265]
[2500.00000000 70.00000000 40.00000000 0.36734221]
[2500.00000000 80.00000000 40.00000000 0.39225601]
[2500.00000000 90.00000000 40.00000000 0.40919235]
[2500.00000000 100.00000000 40.00000000 0.42267904]
[2500.00000000 110.00000000 40.00000000 0.43970985]
[2500.00000000 120.00000000 40.00000000 0.44546623]
[2500.00000000 130.00000000 40.00000000 0.44923663]
[2500.00000000 140.00000000 40.00000000 0.45289567]
[2500.00000000 150.00000000 40.00000000 0.46125699]
[2500.00000000 160.00000000 40.00000000 0.46125699]
[2600.00000000 40.00000000 40.00000000 0.27433552]
[2600.00000000 50.00000000 40.00000000 0.31626863]
[2600.00000000 60.00000000 40.00000000 0.35527438]
[2600.00000000 70.00000000 40.00000000 0.39508781]
[2600.00000000 80.00000000 40.00000000 0.41400139]
[2600.00000000 90.00000000 40.00000000 0.43497970]
[2600.00000000 100.00000000 40.00000000 0.44216052]
[2600.00000000 110.00000000 40.00000000 0.45805488]
[2600.00000000 120.00000000 40.00000000 0.46400639]
[2600.00000000 130.00000000 40.00000000 0.46850787]
[2600.00000000 140.00000000 40.00000000 0.47695200]
[2600.00000000 150.00000000 40.00000000 0.48356705]
[2600.00000000 160.00000000 40.00000000 0.48356705]
[2700.00000000 40.00000000 40.00000000 0.30349595]
[2700.00000000 50.00000000 40.00000000 0.34807738]
[2700.00000000 60.00000000 40.00000000 0.39140421]
[2700.00000000 70.00000000 40.00000000 0.42263106]
[2700.00000000 80.00000000 40.00000000 0.43670169]
[2700.00000000 90.00000000 40.00000000 0.45548534]
[2700.00000000 100.00000000 40.00000000 0.45831509]
[2700.00000000 110.00000000 40.00000000 0.47182041]
[2700.00000000 120.00000000 40.00000000 0.48022019]
[2700.00000000 130.00000000 40.00000000 0.48563034]
[2700.00000000 140.00000000 40.00000000 0.49074715]
[2700.00000000 150.00000000 40.00000000 0.49660033]
[2700.00000000 160.00000000 40.00000000 0.49660033]
[2800.00000000 40.00000000 40.00000000 0.33096554]
[2800.00000000 50.00000000 40.00000000 0.37928281]
[2800.00000000 60.00000000 40.00000000 0.42134896]
[2800.00000000 70.00000000 40.00000000 0.44611396]
[2800.00000000 80.00000000 40.00000000 0.45836305]
[2800.00000000 90.00000000 40.00000000 0.47748279]
[2800.00000000 100.00000000 40.00000000 0.47931564]
[2800.00000000 110.00000000 40.00000000 0.49389748]
[2800.00000000 120.00000000 40.00000000 0.49739376]
[2800.00000000 130.00000000 40.00000000 0.50074475]
[2800.00000000 140.00000000 40.00000000 0.50554078]
[2800.00000000 150.00000000 40.00000000 0.51099055]
[2800.00000000 160.00000000 40.00000000 0.51099055]
[2900.00000000 40.00000000 40.00000000 0.36021086]
[2900.00000000 50.00000000 40.00000000 0.40737547]
[2900.00000000 60.00000000 40.00000000 0.44494727]
[2900.00000000 70.00000000 40.00000000 0.46307781]
[2900.00000000 80.00000000 40.00000000 0.47483665]
[2900.00000000 90.00000000 40.00000000 0.49302294]
[2900.00000000 100.00000000 40.00000000 0.49728802]
[2900.00000000 110.00000000 40.00000000 0.50832826]
[2900.00000000 120.00000000 40.00000000 0.51377296]
[2900.00000000 130.00000000 40.00000000 0.51727093]
[2900.00000000 140.00000000 40.00000000 0.52204310]
[2900.00000000 150.00000000 40.00000000 0.52204310]
[2900.00000000 160.00000000 40.00000000 0.52204310]
[3000.00000000 40.00000000 40.00000000 0.39537266]
[3000.00000000 50.00000000 40.00000000 0.43305020]
[3000.00000000 60.00000000 40.00000000 0.46592379]
[3000.00000000 70.00000000 40.00000000 0.48401326]
[3000.00000000 80.00000000 40.00000000 0.49195512]
[3000.00000000 90.00000000 40.00000000 0.50745323]
[3000.00000000 100.00000000 40.00000000 0.51157232]
[3000.00000000 110.00000000 40.00000000 0.52188503]
[3000.00000000 120.00000000 40.00000000 0.52533476]
[3000.00000000 130.00000000 40.00000000 0.52871399]
[3000.00000000 140.00000000 40.00000000 0.53266146]
[3000.00000000 150.00000000 40.00000000 0.53266146]
[3000.00000000 160.00000000 40.00000000 0.53266146]
[3100.00000000 40.00000000 40.00000000 0.41678001]
[3100.00000000 50.00000000 40.00000000 0.45558812]
[3100.00000000 60.00000000 40.00000000 0.48861048]
[3100.00000000 70.00000000 40.00000000 0.50046664]
[3100.00000000 80.00000000 40.00000000 0.50606332]
[3100.00000000 90.00000000 40.00000000 0.52006304]
[3100.00000000 100.00000000 40.00000000 0.52174548]
[3100.00000000 110.00000000 40.00000000 0.53140097]
[3100.00000000 120.00000000 40.00000000 0.53140097]
[3100.00000000 130.00000000 40.00000000 0.53737849]
[3100.00000000 140.00000000 40.00000000 0.53737849]
[3100.00000000 150.00000000 40.00000000 0.53737849]
[3100.00000000 160.00000000 40.00000000 0.53737849]
[3200.00000000 40.00000000 40.00000000 0.44288411]
[3200.00000000 50.00000000 40.00000000 0.47849667]
[3200.00000000 60.00000000 40.00000000 0.50319342]
[3200.00000000 70.00000000 40.00000000 0.51404839]
[3200.00000000 80.00000000 40.00000000 0.52522693]
[3200.00000000 90.00000000 40.00000000 0.53941185]
[3200.00000000 100.00000000 40.00000000 0.54117558]
[3200.00000000 110.00000000 40.00000000 0.54317187]
[3200.00000000 120.00000000 40.00000000 0.54583802]
[3200.00000000 130.00000000 40.00000000 0.54891123]
[3200.00000000 140.00000000 40.00000000 0.55942462]
[3200.00000000 150.00000000 40.00000000 0.55942462]
[3200.00000000 160.00000000 40.00000000 0.55942462]
[3300.00000000 40.00000000 40.00000000 0.46431863]
[3300.00000000 50.00000000 40.00000000 0.49571268]
[3300.00000000 60.00000000 40.00000000 0.52249605]
[3300.00000000 70.00000000 40.00000000 0.53064654]
[3300.00000000 80.00000000 40.00000000 0.54189930]
[3300.00000000 90.00000000 40.00000000 0.54927055]
[3300.00000000 100.00000000 40.00000000 0.54863158]
[3300.00000000 110.00000000 40.00000000 0.55055853]
[3300.00000000 120.00000000 40.00000000 0.55609496]
[3300.00000000 130.00000000 40.00000000 0.55609496]
[3300.00000000 140.00000000 40.00000000 0.56678357]
[3300.00000000 150.00000000 40.00000000 0.56678357]
[3300.00000000 160.00000000 40.00000000 0.56678357]
[3400.00000000 40.00000000 40.00000000 0.48495322]
[3400.00000000 50.00000000 40.00000000 0.51180662]
[3400.00000000 60.00000000 40.00000000 0.53903908]
[3400.00000000 70.00000000 40.00000000 0.54500233]
[3400.00000000 80.00000000 40.00000000 0.55253204]
[3400.00000000 90.00000000 40.00000000 0.55726032]
[3400.00000000 100.00000000 40.00000000 0.56122642]
[3400.00000000 110.00000000 40.00000000 0.56311602]
[3400.00000000 120.00000000 40.00000000 0.56620618]
[3400.00000000 130.00000000 40.00000000 0.57698086]
[3400.00000000 140.00000000 40.00000000 0.57698086]
[3400.00000000 150.00000000 40.00000000 0.57698086]
[3400.00000000 160.00000000 40.00000000 0.57698086]
[3500.00000000 40.00000000 40.00000000 0.50439571]
[3500.00000000 50.00000000 40.00000000 0.53010458]
[3500.00000000 60.00000000 40.00000000 0.55788967]
[3500.00000000 70.00000000 40.00000000 0.56347685]
[3500.00000000 80.00000000 40.00000000 0.56964305]
[3500.00000000 90.00000000 40.00000000 0.56982668]
[3500.00000000 100.00000000 40.00000000 0.57375038]
[3500.00000000 110.00000000 40.00000000 0.57559570]
[3500.00000000 120.00000000 40.00000000 0.57871946]
[3500.00000000 130.00000000 40.00000000 0.58908893]
[3500.00000000 140.00000000 40.00000000 0.58908893]
[3500.00000000 150.00000000 40.00000000 0.58908893]
[3500.00000000 160.00000000 40.00000000 0.58908893]
[3600.00000000 40.00000000 40.00000000 0.52494122]
[3600.00000000 50.00000000 40.00000000 0.55179653]
[3600.00000000 60.00000000 40.00000000 0.57508244]
[3600.00000000 70.00000000 40.00000000 0.57846471]
[3600.00000000 80.00000000 40.00000000 0.58278573]
[3600.00000000 90.00000000 40.00000000 0.57936014]
[3600.00000000 100.00000000 40.00000000 0.58319083]
[3600.00000000 110.00000000 40.00000000 0.58474068]
[3600.00000000 120.00000000 40.00000000 0.58789899]
[3600.00000000 130.00000000 40.00000000 0.59732033]
[3600.00000000 140.00000000 40.00000000 0.59732033]
[3600.00000000 150.00000000 40.00000000 0.59732033]
[3600.00000000 160.00000000 40.00000000 0.59732033]
[3700.00000000 40.00000000 40.00000000 0.54064604]
[3700.00000000 50.00000000 40.00000000 0.56674814]
[3700.00000000 60.00000000 40.00000000 0.58470367]
[3700.00000000 70.00000000 40.00000000 0.58863597]
[3700.00000000 80.00000000 40.00000000 0.59071914]
[3700.00000000 90.00000000 40.00000000 0.59255917]
[3700.00000000 100.00000000 40.00000000 0.59416779]
[3700.00000000 110.00000000 40.00000000 0.60300391]
[3700.00000000 120.00000000 40.00000000 0.60625465]
[3700.00000000 130.00000000 40.00000000 0.60625465]
[3700.00000000 140.00000000 40.00000000 0.60625465]
[3700.00000000 150.00000000 40.00000000 0.60625465]
[3700.00000000 160.00000000 40.00000000 0.60625465]
[3800.00000000 40.00000000 40.00000000 0.56050450]
[3800.00000000 50.00000000 40.00000000 0.58594554]
[3800.00000000 60.00000000 40.00000000 0.60310869]
[3800.00000000 70.00000000 40.00000000 0.60650896]
[3800.00000000 80.00000000 40.00000000 0.60861316]
[3800.00000000 90.00000000 40.00000000 0.61058070]
[3800.00000000 100.00000000 40.00000000 0.61058070]
[3800.00000000 110.00000000 40.00000000 0.61950891]
[3800.00000000 120.00000000 40.00000000 0.62288867]
[3800.00000000 130.00000000 40.00000000 0.62288867]
[3800.00000000 140.00000000 40.00000000 0.62288867]
[3800.00000000 150.00000000 40.00000000 0.62288867]
[3800.00000000 160.00000000 40.00000000 0.62288867]
[3900.00000000 40.00000000 40.00000000 0.57546449]
[3900.00000000 50.00000000 40.00000000 0.59751684]
[3900.00000000 60.00000000 40.00000000 0.61263753]
[3900.00000000 70.00000000 40.00000000 0.61463190]
[3900.00000000 80.00000000 40.00000000 0.61631448]
[3900.00000000 90.00000000 40.00000000 0.61920437]
[3900.00000000 100.00000000 40.00000000 0.61920437]
[3900.00000000 110.00000000 40.00000000 0.62784180]
[3900.00000000 120.00000000 40.00000000 0.63114080]
[3900.00000000 130.00000000 40.00000000 0.63114080]
[3900.00000000 140.00000000 40.00000000 0.63114080]
[3900.00000000 150.00000000 40.00000000 0.63114080]
[3900.00000000 160.00000000 40.00000000 0.63114080]
[4000.00000000 40.00000000 40.00000000 0.58686810]
[4000.00000000 50.00000000 40.00000000 0.60917908]
[4000.00000000 60.00000000 40.00000000 0.62176600]
[4000.00000000 70.00000000 40.00000000 0.62180148]
[4000.00000000 80.00000000 40.00000000 0.62265745]
[4000.00000000 90.00000000 40.00000000 0.62554092]
[4000.00000000 100.00000000 40.00000000 0.63316069]
[4000.00000000 110.00000000 40.00000000 0.63316069]
[4000.00000000 120.00000000 40.00000000 0.63639577]
[4000.00000000 130.00000000 40.00000000 0.63639577]
[4000.00000000 140.00000000 40.00000000 0.63639577]
[4000.00000000 150.00000000 40.00000000 0.63639577]
[4000.00000000 160.00000000 40.00000000 0.63639577]
[4100.00000000 40.00000000 40.00000000 0.60076592]
[4100.00000000 50.00000000 40.00000000 0.61550745]
[4100.00000000 60.00000000 40.00000000 0.62631761]
[4100.00000000 70.00000000 40.00000000 0.62565205]
[4100.00000000 80.00000000 40.00000000 0.62995299]
[4100.00000000 90.00000000 40.00000000 0.63199435]
[4100.00000000 100.00000000 40.00000000 0.63940014]
[4100.00000000 110.00000000 40.00000000 0.63940014]
[4100.00000000 120.00000000 40.00000000 0.63940014]
[4100.00000000 130.00000000 40.00000000 0.63940014]
[4100.00000000 140.00000000 40.00000000 0.63940014]
[4100.00000000 150.00000000 40.00000000 0.63940014]
[4100.00000000 160.00000000 40.00000000 0.63940014]
[4200.00000000 40.00000000 40.00000000 0.61351852]
[4200.00000000 50.00000000 40.00000000 0.62715292]
[4200.00000000 60.00000000 40.00000000 0.63473864]
[4200.00000000 70.00000000 40.00000000 0.63343999]
[4200.00000000 80.00000000 40.00000000 0.64174547]
[4200.00000000 90.00000000 40.00000000 0.64366870]
[4200.00000000 100.00000000 40.00000000 0.64509209]
[4200.00000000 110.00000000 40.00000000 0.64509209]
[4200.00000000 120.00000000 40.00000000 0.64509209]
[4200.00000000 130.00000000 40.00000000 0.64509209]
[4200.00000000 140.00000000 40.00000000 0.64509209]
[4200.00000000 150.00000000 40.00000000 0.64509209]
[4200.00000000 160.00000000 40.00000000 0.64509209]
[4300.00000000 40.00000000 40.00000000 0.61968603]
[4300.00000000 50.00000000 40.00000000 0.63227980]
[4300.00000000 60.00000000 40.00000000 0.64014656]
[4300.00000000 70.00000000 40.00000000 0.63953105]
[4300.00000000 80.00000000 40.00000000 0.64559024]
[4300.00000000 90.00000000 40.00000000 0.64698827]
[4300.00000000 100.00000000 40.00000000 0.64698827]
[4300.00000000 110.00000000 40.00000000 0.64698827]
[4300.00000000 120.00000000 40.00000000 0.64698827]
[4300.00000000 130.00000000 40.00000000 0.64698827]
[4300.00000000 140.00000000 40.00000000 0.64698827]
[4300.00000000 150.00000000 40.00000000 0.64698827]
[4300.00000000 160.00000000 40.00000000 0.64698827]
[4400.00000000 40.00000000 40.00000000 0.62726690]
[4400.00000000 50.00000000 40.00000000 0.64167296]
[4400.00000000 60.00000000 40.00000000 0.64660700]
[4400.00000000 70.00000000 40.00000000 0.64525851]
[4400.00000000 80.00000000 40.00000000 0.64866866]
[4400.00000000 90.00000000 40.00000000 0.65000337]
[4400.00000000 100.00000000 40.00000000 0.65000337]
[4400.00000000 110.00000000 40.00000000 0.65000337]
[4400.00000000 120.00000000 40.00000000 0.65000337]
[4400.00000000 130.00000000 40.00000000 0.65000337]
[4400.00000000 140.00000000 40.00000000 0.65000337]
[4400.00000000 150.00000000 40.00000000 0.65000337]
[4400.00000000 160.00000000 40.00000000 0.65000337]
[4500.00000000 40.00000000 40.00000000 0.63327475]
[4500.00000000 50.00000000 40.00000000 0.64564155]
[4500.00000000 60.00000000 40.00000000 0.64974534]
[4500.00000000 70.00000000 40.00000000 0.64840368]
[4500.00000000 80.00000000 40.00000000 0.65177630]
[4500.00000000 90.00000000 40.00000000 0.65299728]
[4500.00000000 100.00000000 40.00000000 0.65299728]
[4500.00000000 110.00000000 40.00000000 0.65299728]
[4500.00000000 120.00000000 40.00000000 0.65299728]
[4500.00000000 130.00000000 40.00000000 0.65299728]
[4500.00000000 140.00000000 40.00000000 0.65299728]
[4500.00000000 150.00000000 40.00000000 0.65299728]
[4500.00000000 160.00000000 40.00000000 0.65299728]
[4600.00000000 40.00000000 40.00000000 0.63571240]
[4600.00000000 50.00000000 40.00000000 0.65083353]
[4600.00000000 60.00000000 40.00000000 0.65112694]
[4600.00000000 70.00000000 40.00000000 0.65112694]
[4600.00000000 80.00000000 40.00000000 0.65455735]
[4600.00000000 90.00000000 40.00000000 0.65455735]
[4600.00000000 100.00000000 40.00000000 0.65455735]
[4600.00000000 110.00000000 40.00000000 0.65455735]
[4600.00000000 120.00000000 40.00000000 0.65455735]
[4600.00000000 130.00000000 40.00000000 0.65455735]
[4600.00000000 140.00000000 40.00000000 0.65455735]
[4600.00000000 150.00000000 40.00000000 0.65455735]
[4600.00000000 160.00000000 40.00000000 0.65455735]
[4700.00000000 40.00000000 40.00000000 0.63698699]
[4700.00000000 50.00000000 40.00000000 0.65070355]
[4700.00000000 60.00000000 40.00000000 0.64961363]
[4700.00000000 70.00000000 40.00000000 0.64961363]
[4700.00000000 80.00000000 40.00000000 0.65247219]
[4700.00000000 90.00000000 40.00000000 0.65247219]
[4700.00000000 100.00000000 40.00000000 0.65247219]
[4700.00000000 110.00000000 40.00000000 0.65247219]
[4700.00000000 120.00000000 40.00000000 0.65247219]
[4700.00000000 130.00000000 40.00000000 0.65247219]
[4700.00000000 140.00000000 40.00000000 0.65247219]
[4700.00000000 150.00000000 40.00000000 0.65247219]
[4700.00000000 160.00000000 40.00000000 0.65247219]
[4800.00000000 40.00000000 40.00000000 0.64039125]
[4800.00000000 50.00000000 40.00000000 0.65105036]
[4800.00000000 60.00000000 40.00000000 0.65368767]
[4800.00000000 70.00000000 40.00000000 0.65368767]
[4800.00000000 80.00000000 40.00000000 0.65368767]
[4800.00000000 90.00000000 40.00000000 0.65368767]
[4800.00000000 100.00000000 40.00000000 0.65368767]
[4800.00000000 110.00000000 40.00000000 0.65368767]
[4800.00000000 120.00000000 40.00000000 0.65368767]
[4800.00000000 130.00000000 40.00000000 0.65368767]
[4800.00000000 140.00000000 40.00000000 0.65368767]
[4800.00000000 150.00000000 40.00000000 0.65368767]
[4800.00000000 160.00000000 40.00000000 0.65368767]
[4900.00000000 40.00000000 40.00000000 0.64413964]
[4900.00000000 50.00000000 40.00000000 0.65334037]
[4900.00000000 60.00000000 40.00000000 0.65400725]
[4900.00000000 70.00000000 40.00000000 0.65400725]
[4900.00000000 80.00000000 40.00000000 0.65400725]
[4900.00000000 90.00000000 40.00000000 0.65400725]
[4900.00000000 100.00000000 40.00000000 0.65400725]
[4900.00000000 110.00000000 40.00000000 0.65400725]
[4900.00000000 120.00000000 40.00000000 0.65400725]
[4900.00000000 130.00000000 40.00000000 0.65400725]
[4900.00000000 140.00000000 40.00000000 0.65400725]
[4900.00000000 150.00000000 40.00000000 0.65400725]
[4900.00000000 160.00000000 40.00000000 0.65400725]
[5000.00000000 40.00000000 40.00000000 0.64356882]
[5000.00000000 50.00000000 40.00000000 0.65109133]
[5000.00000000 60.00000000 40.00000000 0.65171280]
[5000.00000000 70.00000000 40.00000000 0.65171280]
[5000.00000000 80.00000000 40.00000000 0.65171280]
[5000.00000000 90.00000000 40.00000000 0.65171280]
[5000.00000000 100.00000000 40.00000000 0.65171280]
[5000.00000000 110.00000000 40.00000000 0.65171280]
[5000.00000000 120.00000000 40.00000000 0.65171280]
[5000.00000000 130.00000000 40.00000000 0.65171280]
[5000.00000000 140.00000000 40.00000000 0.65171280]
[5000.00000000 150.00000000 40.00000000 0.65171280]
[5000.00000000 160.00000000 40.00000000 0.65171280]
[5100.00000000 40.00000000 40.00000000 0.64318380]
[5100.00000000 50.00000000 40.00000000 0.65004257]
[5100.00000000 60.00000000 40.00000000 0.65066572]
[5100.00000000 70.00000000 40.00000000 0.65066572]
[5100.00000000 80.00000000 40.00000000 0.65066572]
[5100.00000000 90.00000000 40.00000000 0.65066572]
[5100.00000000 100.00000000 40.00000000 0.65066572]
[5100.00000000 110.00000000 40.00000000 0.65066572]
[5100.00000000 120.00000000 40.00000000 0.65066572]
[5100.00000000 130.00000000 40.00000000 0.65066572]
[5100.00000000 140.00000000 40.00000000 0.65066572]
[5100.00000000 150.00000000 40.00000000 0.65066572]
[5100.00000000 160.00000000 40.00000000 0.65066572]
[5200.00000000 40.00000000 40.00000000 0.64507241]
[5200.00000000 50.00000000 40.00000000 0.64978194]
[5200.00000000 60.00000000 40.00000000 0.65310015]
[5200.00000000 70.00000000 40.00000000 0.65310015]
[5200.00000000 80.00000000 40.00000000 0.65310015]
[5200.00000000 90.00000000 40.00000000 0.65310015]
[5200.00000000 100.00000000 40.00000000 0.65310015]
[5200.00000000 110.00000000 40.00000000 0.65310015]
[5200.00000000 120.00000000 40.00000000 0.65310015]
[5200.00000000 130.00000000 40.00000000 0.65310015]
[5200.00000000 140.00000000 40.00000000 0.65310015]
[5200.00000000 150.00000000 40.00000000 0.65310015]
[5200.00000000 160.00000000 40.00000000 0.65310015]
[5300.00000000 40.00000000 40.00000000 0.64184208]
[5300.00000000 50.00000000 40.00000000 0.64597213]
[5300.00000000 60.00000000 40.00000000 0.64863103]
[5300.00000000 70.00000000 40.00000000 0.64863103]
[5300.00000000 80.00000000 40.00000000 0.64863103]
[5300.00000000 90.00000000 40.00000000 0.64863103]
[5300.00000000 100.00000000 40.00000000 0.64863103]
[5300.00000000 110.00000000 40.00000000 0.64863103]
[5300.00000000 120.00000000 40.00000000 0.64863103]
[5300.00000000 130.00000000 40.00000000 0.64863103]
[5300.00000000 140.00000000 40.00000000 0.64863103]
[5300.00000000 150.00000000 40.00000000 0.64863103]
[5300.00000000 160.00000000 40.00000000 0.64863103]
[5400.00000000 40.00000000 40.00000000 0.64056275]
[5400.00000000 50.00000000 40.00000000 0.64342882]
[5400.00000000 60.00000000 40.00000000 0.64599417]
[5400.00000000 70.00000000 40.00000000 0.64599417]
[5400.00000000 80.00000000 40.00000000 0.64599417]
[5400.00000000 90.00000000 40.00000000 0.64599417]
[5400.00000000 100.00000000 40.00000000 0.64599417]
[5400.00000000 110.00000000 40.00000000 0.64599417]
[5400.00000000 120.00000000 40.00000000 0.64599417]
[5400.00000000 130.00000000 40.00000000 0.64599417]
[5400.00000000 140.00000000 40.00000000 0.64599417]
[5400.00000000 150.00000000 40.00000000 0.64599417]
[5400.00000000 160.00000000 40.00000000 0.64599417]
[5500.00000000 40.00000000 40.00000000 0.63853025]
[5500.00000000 50.00000000 40.00000000 0.63995777]
[5500.00000000 60.00000000 40.00000000 0.64238920]
[5500.00000000 70.00000000 40.00000000 0.64238920]
[5500.00000000 80.00000000 40.00000000 0.64238920]
[5500.00000000 90.00000000 40.00000000 0.64238920]
[5500.00000000 100.00000000 40.00000000 0.64238920]
[5500.00000000 110.00000000 40.00000000 0.64238920]
[5500.00000000 120.00000000 40.00000000 0.64238920]
[5500.00000000 130.00000000 40.00000000 0.64238920]
[5500.00000000 140.00000000 40.00000000 0.64238920]
[5500.00000000 150.00000000 40.00000000 0.64238920]
[5500.00000000 160.00000000 40.00000000 0.64238920]
[5600.00000000 40.00000000 40.00000000 0.63659175]
[5600.00000000 50.00000000 40.00000000 0.63793419]
[5600.00000000 60.00000000 40.00000000 0.64027374]
[5600.00000000 70.00000000 40.00000000 0.64027374]
[5600.00000000 80.00000000 40.00000000 0.64027374]
[5600.00000000 90.00000000 40.00000000 0.64027374]
[5600.00000000 100.00000000 40.00000000 0.64027374]
[5600.00000000 110.00000000 40.00000000 0.64027374]
[5600.00000000 120.00000000 40.00000000 0.64027374]
[5600.00000000 130.00000000 40.00000000 0.64027374]
[5600.00000000 140.00000000 40.00000000 0.64027374]
[5600.00000000 150.00000000 40.00000000 0.64027374]
[5600.00000000 160.00000000 40.00000000 0.64027374]
[5700.00000000 40.00000000 40.00000000 0.63774891]
[5700.00000000 50.00000000 40.00000000 0.63854352]
[5700.00000000 60.00000000 40.00000000 0.64080342]
[5700.00000000 70.00000000 40.00000000 0.64080342]
[5700.00000000 80.00000000 40.00000000 0.64080342]
[5700.00000000 90.00000000 40.00000000 0.64080342]
[5700.00000000 100.00000000 40.00000000 0.64080342]
[5700.00000000 110.00000000 40.00000000 0.64080342]
[5700.00000000 120.00000000 40.00000000 0.64080342]
[5700.00000000 130.00000000 40.00000000 0.64080342]
[5700.00000000 140.00000000 40.00000000 0.64080342]
[5700.00000000 150.00000000 40.00000000 0.64080342]
[5700.00000000 160.00000000 40.00000000 0.64080342]
[5800.00000000 40.00000000 40.00000000 0.63371749]
[5800.00000000 50.00000000 40.00000000 0.63651966]
[5800.00000000 60.00000000 40.00000000 0.63651966]
[5800.00000000 70.00000000 40.00000000 0.63651966]
[5800.00000000 80.00000000 40.00000000 0.63651966]
[5800.00000000 90.00000000 40.00000000 0.62725234]
[5800.00000000 100.00000000 40.00000000 0.62725234]
[5800.00000000 110.00000000 40.00000000 0.62725234]
[5800.00000000 120.00000000 40.00000000 0.62725234]
[5800.00000000 130.00000000 40.00000000 0.62725234]
[5800.00000000 140.00000000 40.00000000 0.62725234]
[5800.00000000 150.00000000 40.00000000 0.62725234]
[5800.00000000 160.00000000 40.00000000 0.62725234]
[5900.00000000 40.00000000 40.00000000 0.63025929]
[5900.00000000 50.00000000 40.00000000 0.63253441]
[5900.00000000 60.00000000 40.00000000 0.63253441]
[5900.00000000 70.00000000 40.00000000 0.63253441]
[5900.00000000 80.00000000 40.00000000 0.63253441]
[5900.00000000 90.00000000 40.00000000 0.62320093]
[5900.00000000 100.00000000 40.00000000 0.62320093]
[5900.00000000 110.00000000 40.00000000 0.62320093]
[5900.00000000 120.00000000 40.00000000 0.62320093]
[5900.00000000 130.00000000 40.00000000 0.62320093]
[5900.00000000 140.00000000 40.00000000 0.62320093]
[5900.00000000 150.00000000 40.00000000 0.62320093]
[5900.00000000 160.00000000 40.00000000 0.62320093]
[6000.00000000 40.00000000 40.00000000 0.63001240]
[6000.00000000 50.00000000 40.00000000 0.63153320]
[6000.00000000 60.00000000 40.00000000 0.63153320]
[6000.00000000 70.00000000 40.00000000 0.63153320]
[6000.00000000 80.00000000 40.00000000 0.63153320]
[6000.00000000 90.00000000 40.00000000 0.62241151]
[6000.00000000 100.00000000 40.00000000 0.62241151]
[6000.00000000 110.00000000 40.00000000 0.62241151]
[6000.00000000 120.00000000 40.00000000 0.62241151]
[6000.00000000 130.00000000 40.00000000 0.62241151]
[6000.00000000 140.00000000 40.00000000 0.62241151]
[6000.00000000 150.00000000 40.00000000 0.62241151]
[6000.00000000 160.00000000 40.00000000 0.62241151]
[6100.00000000 40.00000000 40.00000000 0.62494812]
[6100.00000000 50.00000000 40.00000000 0.62716171]
[6100.00000000 60.00000000 40.00000000 0.62716171]
[6100.00000000 70.00000000 40.00000000 0.62716171]
[6100.00000000 80.00000000 40.00000000 0.62716171]
[6100.00000000 90.00000000 40.00000000 0.61805265]
[6100.00000000 100.00000000 40.00000000 0.61805265]
[6100.00000000 110.00000000 40.00000000 0.61805265]
[6100.00000000 120.00000000 40.00000000 0.61805265]
[6100.00000000 130.00000000 40.00000000 0.61805265]
[6100.00000000 140.00000000 40.00000000 0.61805265]
[6100.00000000 150.00000000 40.00000000 0.61805265]
[6100.00000000 160.00000000 40.00000000 0.61805265]
[6200.00000000 40.00000000 40.00000000 0.62070401]
[6200.00000000 50.00000000 40.00000000 0.62276064]
[6200.00000000 60.00000000 40.00000000 0.62276064]
[6200.00000000 70.00000000 40.00000000 0.62276064]
[6200.00000000 80.00000000 40.00000000 0.62276064]
[6200.00000000 90.00000000 40.00000000 0.61376972]
[6200.00000000 100.00000000 40.00000000 0.61376972]
[6200.00000000 110.00000000 40.00000000 0.61376972]
[6200.00000000 120.00000000 40.00000000 0.61376972]
[6200.00000000 130.00000000 40.00000000 0.61376972]
[6200.00000000 140.00000000 40.00000000 0.61376972]
[6200.00000000 150.00000000 40.00000000 0.61376972]
[6200.00000000 160.00000000 40.00000000 0.61376972]
[6300.00000000 40.00000000 40.00000000 0.61790885]
[6300.00000000 50.00000000 40.00000000 0.61852319]
[6300.00000000 60.00000000 40.00000000 0.61852319]
[6300.00000000 70.00000000 40.00000000 0.61852319]
[6300.00000000 80.00000000 40.00000000 0.61852319]
[6300.00000000 90.00000000 40.00000000 0.60934150]
[6300.00000000 100.00000000 40.00000000 0.60934150]
[6300.00000000 110.00000000 40.00000000 0.60934150]
[6300.00000000 120.00000000 40.00000000 0.60934150]
[6300.00000000 130.00000000 40.00000000 0.60934150]
[6300.00000000 140.00000000 40.00000000 0.60934150]
[6300.00000000 150.00000000 40.00000000 0.60934150]
[6300.00000000 160.00000000 40.00000000 0.60934150]
[6400.00000000 40.00000000 40.00000000 0.61433290]
[6400.00000000 50.00000000 40.00000000 0.61492331]
[6400.00000000 60.00000000 40.00000000 0.61492331]
[6400.00000000 70.00000000 40.00000000 0.61492331]
[6400.00000000 80.00000000 40.00000000 0.61492331]
[6400.00000000 90.00000000 40.00000000 0.60576553]
[6400.00000000 100.00000000 40.00000000 0.60576553]
[6400.00000000 110.00000000 40.00000000 0.60576553]
[6400.00000000 120.00000000 40.00000000 0.60576553]
[6400.00000000 130.00000000 40.00000000 0.60576553]
[6400.00000000 140.00000000 40.00000000 0.60576553]
[6400.00000000 150.00000000 40.00000000 0.60576553]
[6400.00000000 160.00000000 40.00000000 0.60576553]
[6500.00000000 40.00000000 40.00000000 0.60976456]
[6500.00000000 50.00000000 40.00000000 0.61035254]
[6500.00000000 60.00000000 40.00000000 0.61035254]
[6500.00000000 70.00000000 40.00000000 0.61035254]
[6500.00000000 80.00000000 40.00000000 0.61035254]
[6500.00000000 90.00000000 40.00000000 0.60111210]
[6500.00000000 100.00000000 40.00000000 0.60111210]
[6500.00000000 110.00000000 40.00000000 0.60111210]
[6500.00000000 120.00000000 40.00000000 0.60111210]
[6500.00000000 130.00000000 40.00000000 0.60111210]
[6500.00000000 140.00000000 40.00000000 0.60111210]
[6500.00000000 150.00000000 40.00000000 0.60111210]
[6500.00000000 160.00000000 40.00000000 0.60111210]
