[2500.00000000 40.00000000 40.00000000 0.08645721]
[2500.00000000 50.00000000 40.00000000 0.10262628]
[2500.00000000 60.00000000 40.00000000 0.11289763]
[2500.00000000 70.00000000 40.00000000 0.12054213]
[2500.00000000 80.00000000 40.00000000 0.13012380]
[2500.00000000 90.00000000 40.00000000 0.13711470]
[2500.00000000 100.00000000 40.00000000 0.14379019]
[2500.00000000 110.00000000 40.00000000 0.14850016]
[2500.00000000 120.00000000 40.00000000 0.15523774]
[2500.00000000 130.00000000 40.00000000 0.15821322]
[2500.00000000 140.00000000 40.00000000 0.16282612]
[2500.00000000 150.00000000 40.00000000 0.16423957]
[2500.00000000 160.00000000 40.00000000 0.16459634]
[2600.00000000 40.00000000 40.00000000 0.09369980]
[2600.00000000 50.00000000 40.00000000 0.10853507]
[2600.00000000 60.00000000 40.00000000 0.11925936]
[2600.00000000 70.00000000 40.00000000 0.12655275]
[2600.00000000 80.00000000 40.00000000 0.13666872]
[2600.00000000 90.00000000 40.00000000 0.14559171]
[2600.00000000 100.00000000 40.00000000 0.15174572]
[2600.00000000 110.00000000 40.00000000 0.15530910]
[2600.00000000 120.00000000 40.00000000 0.16251715]
[2600.00000000 130.00000000 40.00000000 0.16706326]
[2600.00000000 140.00000000 40.00000000 0.16931286]
[2600.00000000 150.00000000 40.00000000 0.17072688]
[2600.00000000 160.00000000 40.00000000 0.17110342]
[2700.00000000 40.00000000 40.00000000 0.10038675]
[2700.00000000 50.00000000 40.00000000 0.11542474]
[2700.00000000 60.00000000 40.00000000 0.12473725]
[2700.00000000 70.00000000 40.00000000 0.13373030]
[2700.00000000 80.00000000 40.00000000 0.14324309]
[2700.00000000 90.00000000 40.00000000 0.15106920]
[2700.00000000 100.00000000 40.00000000 0.15750467]
[2700.00000000 110.00000000 40.00000000 0.16120067]
[2700.00000000 120.00000000 40.00000000 0.16980322]
[2700.00000000 130.00000000 40.00000000 0.17473782]
[2700.00000000 140.00000000 40.00000000 0.17604975]
[2700.00000000 150.00000000 40.00000000 0.17752644]
[2700.00000000 160.00000000 40.00000000 0.17752644]
[2800.00000000 40.00000000 40.00000000 0.10779678]
[2800.00000000 50.00000000 40.00000000 0.12347692]
[2800.00000000 60.00000000 40.00000000 0.13342366]
[2800.00000000 70.00000000 40.00000000 0.14210653]
[2800.00000000 80.00000000 40.00000000 0.15012362]
[2800.00000000 90.00000000 40.00000000 0.15876887]
[2800.00000000 100.00000000 40.00000000 0.16598595]
[2800.00000000 110.00000000 40.00000000 0.16790723]
[2800.00000000 120.00000000 40.00000000 0.17699584]
[2800.00000000 130.00000000 40.00000000 0.18244656]
[2800.00000000 140.00000000 40.00000000 0.18342687]
[2800.00000000 150.00000000 40.00000000 0.18499518]
[2800.00000000 160.00000000 40.00000000 0.18499518]
[2900.00000000 40.00000000 40.00000000 0.11618573]
[2900.00000000 50.00000000 40.00000000 0.13178169]
[2900.00000000 60.00000000 40.00000000 0.14143192]
[2900.00000000 70.00000000 40.00000000 0.15009831]
[2900.00000000 80.00000000 40.00000000 0.15707173]
[2900.00000000 90.00000000 40.00000000 0.16592406]
[2900.00000000 100.00000000 40.00000000 0.17256852]
[2900.00000000 110.00000000 40.00000000 0.17699361]
[2900.00000000 120.00000000 40.00000000 0.18500164]
[2900.00000000 130.00000000 40.00000000 0.18973531]
[2900.00000000 140.00000000 40.00000000 0.19077846]
[2900.00000000 150.00000000 40.00000000 0.19238669]
[2900.00000000 160.00000000 40.00000000 0.19238669]
[3000.00000000 40.00000000 40.00000000 0.12313439]
[3000.00000000 50.00000000 40.00000000 0.13953848]
[3000.00000000 60.00000000 40.00000000 0.14981092]
[3000.00000000 70.00000000 40.00000000 0.15775137]
[3000.00000000 80.00000000 40.00000000 0.16591036]
[3000.00000000 90.00000000 40.00000000 0.17387069]
[3000.00000000 100.00000000 40.00000000 0.18106421]
[3000.00000000 110.00000000 40.00000000 0.18606448]
[3000.00000000 120.00000000 40.00000000 0.19346900]
[3000.00000000 130.00000000 40.00000000 0.19806284]
[3000.00000000 140.00000000 40.00000000 0.19918086]
[3000.00000000 150.00000000 40.00000000 0.20089770]
[3000.00000000 160.00000000 40.00000000 0.20089770]
[3100.00000000 40.00000000 40.00000000 0.13122316]
[3100.00000000 50.00000000 40.00000000 0.14753749]
[3100.00000000 60.00000000 40.00000000 0.15783699]
[3100.00000000 70.00000000 40.00000000 0.16828396]
[3100.00000000 80.00000000 40.00000000 0.17649327]
[3100.00000000 90.00000000 40.00000000 0.18701945]
[3100.00000000 100.00000000 40.00000000 0.19214379]
[3100.00000000 110.00000000 40.00000000 0.19868726]
[3100.00000000 120.00000000 40.00000000 0.20566130]
[3100.00000000 130.00000000 40.00000000 0.20929749]
[3100.00000000 140.00000000 40.00000000 0.21053145]
[3100.00000000 150.00000000 40.00000000 0.21231288]
[3100.00000000 160.00000000 40.00000000 0.21231288]
[3200.00000000 40.00000000 40.00000000 0.13909291]
[3200.00000000 50.00000000 40.00000000 0.15584656]
[3200.00000000 60.00000000 40.00000000 0.16927409]
[3200.00000000 70.00000000 40.00000000 0.17744011]
[3200.00000000 80.00000000 40.00000000 0.18680240]
[3200.00000000 90.00000000 40.00000000 0.19870168]
[3200.00000000 100.00000000 40.00000000 0.20304521]
[3200.00000000 110.00000000 40.00000000 0.20703098]
[3200.00000000 120.00000000 40.00000000 0.21490570]
[3200.00000000 130.00000000 40.00000000 0.21825443]
[3200.00000000 140.00000000 40.00000000 0.21958418]
[3200.00000000 150.00000000 40.00000000 0.22335335]
[3200.00000000 160.00000000 40.00000000 0.21766590]
[3300.00000000 40.00000000 40.00000000 0.14953188]
[3300.00000000 50.00000000 40.00000000 0.16693083]
[3300.00000000 60.00000000 40.00000000 0.18029542]
[3300.00000000 70.00000000 40.00000000 0.19024334]
[3300.00000000 80.00000000 40.00000000 0.19993844]
[3300.00000000 90.00000000 40.00000000 0.21203219]
[3300.00000000 100.00000000 40.00000000 0.21719220]
[3300.00000000 110.00000000 40.00000000 0.21951542]
[3300.00000000 120.00000000 40.00000000 0.23039201]
[3300.00000000 130.00000000 40.00000000 0.23183998]
[3300.00000000 140.00000000 40.00000000 0.23329169]
[3300.00000000 150.00000000 40.00000000 0.23731614]
[3300.00000000 160.00000000 40.00000000 0.23130950]
[3400.00000000 40.00000000 40.00000000 0.15990637]
[3400.00000000 50.00000000 40.00000000 0.17659514]
[3400.00000000 60.00000000 40.00000000 0.19263508]
[3400.00000000 70.00000000 40.00000000 0.20326127]
[3400.00000000 80.00000000 40.00000000 0.21336284]
[3400.00000000 90.00000000 40.00000000 0.22297318]
[3400.00000000 100.00000000 40.00000000 0.22737855]
[3400.00000000 110.00000000 40.00000000 0.22987829]
[3400.00000000 120.00000000 40.00000000 0.24327336]
[3400.00000000 130.00000000 40.00000000 0.24482190]
[3400.00000000 140.00000000 40.00000000 0.24814468]
[3400.00000000 150.00000000 40.00000000 0.25247011]
[3400.00000000 160.00000000 40.00000000 0.24635918]
[3500.00000000 40.00000000 40.00000000 0.16992132]
[3500.00000000 50.00000000 40.00000000 0.18823063]
[3500.00000000 60.00000000 40.00000000 0.20358446]
[3500.00000000 70.00000000 40.00000000 0.21493596]
[3500.00000000 80.00000000 40.00000000 0.22829826]
[3500.00000000 90.00000000 40.00000000 0.23934693]
[3500.00000000 100.00000000 40.00000000 0.24221152]
[3500.00000000 110.00000000 40.00000000 0.24503135]
[3500.00000000 120.00000000 40.00000000 0.26332440]
[3500.00000000 130.00000000 40.00000000 0.26332440]
[3500.00000000 140.00000000 40.00000000 0.26714415]
[3500.00000000 150.00000000 40.00000000 0.27253052]
[3500.00000000 160.00000000 40.00000000 0.26607882]
[3600.00000000 40.00000000 40.00000000 0.17926971]
[3600.00000000 50.00000000 40.00000000 0.19965007]
[3600.00000000 60.00000000 40.00000000 0.21623782]
[3600.00000000 70.00000000 40.00000000 0.22936198]
[3600.00000000 80.00000000 40.00000000 0.24686893]
[3600.00000000 90.00000000 40.00000000 0.25657421]
[3600.00000000 100.00000000 40.00000000 0.25981003]
[3600.00000000 110.00000000 40.00000000 0.26300058]
[3600.00000000 120.00000000 40.00000000 0.28516205]
[3600.00000000 130.00000000 40.00000000 0.28516205]
[3600.00000000 140.00000000 40.00000000 0.28276854]
[3600.00000000 150.00000000 40.00000000 0.28868082]
[3600.00000000 160.00000000 40.00000000 0.28868082]
[3700.00000000 40.00000000 40.00000000 0.19075793]
[3700.00000000 50.00000000 40.00000000 0.21377932]
[3700.00000000 60.00000000 40.00000000 0.22781975]
[3700.00000000 70.00000000 40.00000000 0.24539585]
[3700.00000000 80.00000000 40.00000000 0.26375954]
[3700.00000000 90.00000000 40.00000000 0.27836343]
[3700.00000000 100.00000000 40.00000000 0.28207081]
[3700.00000000 110.00000000 40.00000000 0.28860294]
[3700.00000000 120.00000000 40.00000000 0.30735185]
[3700.00000000 130.00000000 40.00000000 0.30735185]
[3700.00000000 140.00000000 40.00000000 0.30839412]
[3700.00000000 150.00000000 40.00000000 0.31557821]
[3700.00000000 160.00000000 40.00000000 0.31557821]
[3800.00000000 40.00000000 40.00000000 0.20350598]
[3800.00000000 50.00000000 40.00000000 0.22647301]
[3800.00000000 60.00000000 40.00000000 0.24122822]
[3800.00000000 70.00000000 40.00000000 0.26406184]
[3800.00000000 80.00000000 40.00000000 0.28315398]
[3800.00000000 90.00000000 40.00000000 0.29873735]
[3800.00000000 100.00000000 40.00000000 0.30133468]
[3800.00000000 110.00000000 40.00000000 0.30836511]
[3800.00000000 120.00000000 40.00000000 0.32515560]
[3800.00000000 130.00000000 40.00000000 0.33126591]
[3800.00000000 140.00000000 40.00000000 0.32642060]
[3800.00000000 150.00000000 40.00000000 0.33350168]
[3800.00000000 160.00000000 40.00000000 0.33350168]
[3900.00000000 40.00000000 40.00000000 0.21903558]
[3900.00000000 50.00000000 40.00000000 0.24384093]
[3900.00000000 60.00000000 40.00000000 0.25807565]
[3900.00000000 70.00000000 40.00000000 0.28065083]
[3900.00000000 80.00000000 40.00000000 0.30297798]
[3900.00000000 90.00000000 40.00000000 0.31710582]
[3900.00000000 100.00000000 40.00000000 0.32289797]
[3900.00000000 110.00000000 40.00000000 0.34306886]
[3900.00000000 120.00000000 40.00000000 0.35498776]
[3900.00000000 130.00000000 40.00000000 0.36498806]
[3900.00000000 140.00000000 40.00000000 0.35998641]
[3900.00000000 150.00000000 40.00000000 0.35998641]
[3900.00000000 160.00000000 40.00000000 0.35998641]
[4000.00000000 40.00000000 40.00000000 0.23333885]
[4000.00000000 50.00000000 40.00000000 0.26110957]
[4000.00000000 60.00000000 40.00000000 0.27927250]
[4000.00000000 70.00000000 40.00000000 0.31192052]
[4000.00000000 80.00000000 40.00000000 0.33223343]
[4000.00000000 90.00000000 40.00000000 0.34462020]
[4000.00000000 100.00000000 40.00000000 0.34906642]
[4000.00000000 110.00000000 40.00000000 0.37167115]
[4000.00000000 120.00000000 40.00000000 0.38169510]
[4000.00000000 130.00000000 40.00000000 0.38865147]
[4000.00000000 140.00000000 40.00000000 0.38368631]
[4000.00000000 150.00000000 40.00000000 0.38368631]
[4000.00000000 160.00000000 40.00000000 0.38368631]
[4100.00000000 40.00000000 40.00000000 0.25364150]
[4100.00000000 50.00000000 40.00000000 0.28335771]
[4100.00000000 60.00000000 40.00000000 0.30105113]
[4100.00000000 70.00000000 40.00000000 0.33319796]
[4100.00000000 80.00000000 40.00000000 0.35044346]
[4100.00000000 90.00000000 40.00000000 0.36033895]
[4100.00000000 100.00000000 40.00000000 0.36256823]
[4100.00000000 110.00000000 40.00000000 0.38562344]
[4100.00000000 120.00000000 40.00000000 0.39584516]
[4100.00000000 130.00000000 40.00000000 0.39983947]
[4100.00000000 140.00000000 40.00000000 0.39488902]
[4100.00000000 150.00000000 40.00000000 0.39488902]
[4100.00000000 160.00000000 40.00000000 0.39488902]
[4200.00000000 40.00000000 40.00000000 0.27267145]
[4200.00000000 50.00000000 40.00000000 0.30195012]
[4200.00000000 60.00000000 40.00000000 0.32511396]
[4200.00000000 70.00000000 40.00000000 0.35202803]
[4200.00000000 80.00000000 40.00000000 0.36911402]
[4200.00000000 90.00000000 40.00000000 0.37735073]
[4200.00000000 100.00000000 40.00000000 0.38086937]
[4200.00000000 110.00000000 40.00000000 0.40581975]
[4200.00000000 120.00000000 40.00000000 0.41206406]
[4200.00000000 130.00000000 40.00000000 0.40744807]
[4200.00000000 140.00000000 40.00000000 0.41164145]
[4200.00000000 150.00000000 40.00000000 0.41702566]
[4200.00000000 160.00000000 40.00000000 0.41702566]
[4300.00000000 40.00000000 40.00000000 0.29129905]
[4300.00000000 50.00000000 40.00000000 0.32250893]
[4300.00000000 60.00000000 40.00000000 0.34368384]
[4300.00000000 70.00000000 40.00000000 0.37025170]
[4300.00000000 80.00000000 40.00000000 0.38636557]
[4300.00000000 90.00000000 40.00000000 0.39654521]
[4300.00000000 100.00000000 40.00000000 0.40131619]
[4300.00000000 110.00000000 40.00000000 0.42915518]
[4300.00000000 120.00000000 40.00000000 0.43222498]
[4300.00000000 130.00000000 40.00000000 0.43710775]
[4300.00000000 140.00000000 40.00000000 0.44701551]
[4300.00000000 150.00000000 40.00000000 0.45352663]
[4300.00000000 160.00000000 40.00000000 0.45352663]
[4400.00000000 40.00000000 40.00000000 0.30674175]
[4400.00000000 50.00000000 40.00000000 0.33978180]
[4400.00000000 60.00000000 40.00000000 0.36031066]
[4400.00000000 70.00000000 40.00000000 0.39267994]
[4400.00000000 80.00000000 40.00000000 0.41319370]
[4400.00000000 90.00000000 40.00000000 0.42009617]
[4400.00000000 100.00000000 40.00000000 0.42170503]
[4400.00000000 110.00000000 40.00000000 0.45515992]
[4400.00000000 120.00000000 40.00000000 0.45515992]
[4400.00000000 130.00000000 40.00000000 0.47045266]
[4400.00000000 140.00000000 40.00000000 0.47590252]
[4400.00000000 150.00000000 40.00000000 0.48379810]
[4400.00000000 160.00000000 40.00000000 0.48379810]
[4500.00000000 40.00000000 40.00000000 0.32676875]
[4500.00000000 50.00000000 40.00000000 0.35831129]
[4500.00000000 60.00000000 40.00000000 0.38545750]
[4500.00000000 70.00000000 40.00000000 0.41350737]
[4500.00000000 80.00000000 40.00000000 0.43572742]
[4500.00000000 90.00000000 40.00000000 0.45095974]
[4500.00000000 100.00000000 40.00000000 0.45309093]
[4500.00000000 110.00000000 40.00000000 0.48554848]
[4500.00000000 120.00000000 40.00000000 0.48554848]
[4500.00000000 130.00000000 40.00000000 0.49750956]
[4500.00000000 140.00000000 40.00000000 0.50535357]
[4500.00000000 150.00000000 40.00000000 0.51316261]
[4500.00000000 160.00000000 40.00000000 0.52153323]
[4600.00000000 40.00000000 40.00000000 0.35078996]
[4600.00000000 50.00000000 40.00000000 0.38966592]
[4600.00000000 60.00000000 40.00000000 0.41379963]
[4600.00000000 70.00000000 40.00000000 0.44326589]
[4600.00000000 80.00000000 40.00000000 0.46492347]
[4600.00000000 90.00000000 40.00000000 0.48519135]
[4600.00000000 100.00000000 40.00000000 0.48477235]
[4600.00000000 110.00000000 40.00000000 0.51600616]
[4600.00000000 120.00000000 40.00000000 0.51600616]
[4600.00000000 130.00000000 40.00000000 0.52941421]
[4600.00000000 140.00000000 40.00000000 0.53648466]
[4600.00000000 150.00000000 40.00000000 0.55505187]
[4600.00000000 160.00000000 40.00000000 0.55505187]
[4700.00000000 40.00000000 40.00000000 0.36898380]
[4700.00000000 50.00000000 40.00000000 0.40302087]
[4700.00000000 60.00000000 40.00000000 0.43256343]
[4700.00000000 70.00000000 40.00000000 0.46340328]
[4700.00000000 80.00000000 40.00000000 0.48950335]
[4700.00000000 90.00000000 40.00000000 0.49906616]
[4700.00000000 100.00000000 40.00000000 0.52012756]
[4700.00000000 110.00000000 40.00000000 0.53324558]
[4700.00000000 120.00000000 40.00000000 0.54718543]
[4700.00000000 130.00000000 40.00000000 0.56925936]
[4700.00000000 140.00000000 40.00000000 0.56925936]
[4700.00000000 150.00000000 40.00000000 0.56925936]
[4700.00000000 160.00000000 40.00000000 0.57920952]
[4800.00000000 40.00000000 40.00000000 0.39170943]
[4800.00000000 50.00000000 40.00000000 0.42702055]
[4800.00000000 60.00000000 40.00000000 0.45484535]
[4800.00000000 70.00000000 40.00000000 0.48693704]
[4800.00000000 80.00000000 40.00000000 0.53125906]
[4800.00000000 90.00000000 40.00000000 0.54116317]
[4800.00000000 100.00000000 40.00000000 0.55093371]
[4800.00000000 110.00000000 40.00000000 0.56542077]
[4800.00000000 120.00000000 40.00000000 0.57346845]
[4800.00000000 130.00000000 40.00000000 0.58163980]
[4800.00000000 140.00000000 40.00000000 0.58163980]
[4800.00000000 150.00000000 40.00000000 0.58163980]
[4800.00000000 160.00000000 40.00000000 0.58163980]
[4900.00000000 40.00000000 40.00000000 0.40462206]
[4900.00000000 50.00000000 40.00000000 0.44710945]
[4900.00000000 60.00000000 40.00000000 0.47177044]
[4900.00000000 70.00000000 40.00000000 0.50265683]
[4900.00000000 80.00000000 40.00000000 0.53623250]
[4900.00000000 90.00000000 40.00000000 0.55048539]
[4900.00000000 100.00000000 40.00000000 0.55048539]
[4900.00000000 110.00000000 40.00000000 0.57216591]
[4900.00000000 120.00000000 40.00000000 0.57216591]
[4900.00000000 130.00000000 40.00000000 0.58031503]
[4900.00000000 140.00000000 40.00000000 0.58031503]
[4900.00000000 150.00000000 40.00000000 0.58031503]
[4900.00000000 160.00000000 40.00000000 0.58031503]
[5000.00000000 40.00000000 40.00000000 0.42389249]
[5000.00000000 50.00000000 40.00000000 0.45672500]
[5000.00000000 60.00000000 40.00000000 0.48495384]
[5000.00000000 70.00000000 40.00000000 0.51381329]
[5000.00000000 80.00000000 40.00000000 0.55338094]
[5000.00000000 90.00000000 40.00000000 0.55893815]
[5000.00000000 100.00000000 40.00000000 0.55893815]
[5000.00000000 110.00000000 40.00000000 0.57323553]
[5000.00000000 120.00000000 40.00000000 0.57323553]
[5000.00000000 130.00000000 40.00000000 0.58973491]
[5000.00000000 140.00000000 40.00000000 0.58973491]
[5000.00000000 150.00000000 40.00000000 0.58973491]
[5000.00000000 160.00000000 40.00000000 0.58973491]
[5100.00000000 40.00000000 40.00000000 0.42930681]
[5100.00000000 50.00000000 40.00000000 0.46512417]
[5100.00000000 60.00000000 40.00000000 0.49050230]
[5100.00000000 70.00000000 40.00000000 0.51957400]
[5100.00000000 80.00000000 40.00000000 0.55494110]
[5100.00000000 90.00000000 40.00000000 0.55974402]
[5100.00000000 100.00000000 40.00000000 0.55974402]
[5100.00000000 110.00000000 40.00000000 0.57070058]
[5100.00000000 120.00000000 40.00000000 0.57746615]
[5100.00000000 130.00000000 40.00000000 0.58530748]
[5100.00000000 140.00000000 40.00000000 0.58530748]
[5100.00000000 150.00000000 40.00000000 0.58530748]
[5100.00000000 160.00000000 40.00000000 0.58530748]
[5200.00000000 40.00000000 40.00000000 0.43818929]
[5200.00000000 50.00000000 40.00000000 0.47178890]
[5200.00000000 60.00000000 40.00000000 0.49507289]
[5200.00000000 70.00000000 40.00000000 0.51718564]
[5200.00000000 80.00000000 40.00000000 0.55683796]
[5200.00000000 90.00000000 40.00000000 0.55638248]
[5200.00000000 100.00000000 40.00000000 0.55638248]
[5200.00000000 110.00000000 40.00000000 0.57314765]
[5200.00000000 120.00000000 40.00000000 0.57314765]
[5200.00000000 130.00000000 40.00000000 0.55169150]
[5200.00000000 140.00000000 40.00000000 0.55169150]
[5200.00000000 150.00000000 40.00000000 0.55169150]
[5200.00000000 160.00000000 40.00000000 0.55169150]
[5300.00000000 40.00000000 40.00000000 0.44941511]
[5300.00000000 50.00000000 40.00000000 0.47845462]
[5300.00000000 60.00000000 40.00000000 0.50175248]
[5300.00000000 70.00000000 40.00000000 0.52289429]
[5300.00000000 80.00000000 40.00000000 0.56112926]
[5300.00000000 90.00000000 40.00000000 0.56075439]
[5300.00000000 100.00000000 40.00000000 0.56075439]
[5300.00000000 110.00000000 40.00000000 0.57147748]
[5300.00000000 120.00000000 40.00000000 0.57147748]
[5300.00000000 130.00000000 40.00000000 0.55024092]
[5300.00000000 140.00000000 40.00000000 0.55024092]
[5300.00000000 150.00000000 40.00000000 0.55024092]
[5300.00000000 160.00000000 40.00000000 0.55024092]
[5400.00000000 40.00000000 40.00000000 0.46025542]
[5400.00000000 50.00000000 40.00000000 0.48650086]
[5400.00000000 60.00000000 40.00000000 0.50972913]
[5400.00000000 70.00000000 40.00000000 0.53093750]
[5400.00000000 80.00000000 40.00000000 0.56942449]
[5400.00000000 90.00000000 40.00000000 0.55899569]
[5400.00000000 100.00000000 40.00000000 0.55899569]
[5400.00000000 110.00000000 40.00000000 0.56957658]
[5400.00000000 120.00000000 40.00000000 0.56957658]
[5400.00000000 130.00000000 40.00000000 0.54774174]
[5400.00000000 140.00000000 40.00000000 0.54774174]
[5400.00000000 150.00000000 40.00000000 0.54774174]
[5400.00000000 160.00000000 40.00000000 0.54774174]
[5500.00000000 40.00000000 40.00000000 0.46806729]
[5500.00000000 50.00000000 40.00000000 0.49150201]
[5500.00000000 60.00000000 40.00000000 0.51369443]
[5500.00000000 70.00000000 40.00000000 0.52441701]
[5500.00000000 80.00000000 40.00000000 0.55951800]
[5500.00000000 90.00000000 40.00000000 0.52906891]
[5500.00000000 100.00000000 40.00000000 0.50756144]
[5500.00000000 110.00000000 40.00000000 0.51723614]
[5500.00000000 120.00000000 40.00000000 0.51723614]
[5500.00000000 130.00000000 40.00000000 0.52360669]
[5500.00000000 140.00000000 40.00000000 0.52360669]
[5500.00000000 150.00000000 40.00000000 0.52360669]
[5500.00000000 160.00000000 40.00000000 0.52360669]
[5600.00000000 40.00000000 40.00000000 0.46772746]
[5600.00000000 50.00000000 40.00000000 0.47837237]
[5600.00000000 60.00000000 40.00000000 0.50303384]
[5600.00000000 70.00000000 40.00000000 0.50943484]
[5600.00000000 80.00000000 40.00000000 0.53963084]
[5600.00000000 90.00000000 40.00000000 0.52869383]
[5600.00000000 100.00000000 40.00000000 0.50732343]
[5600.00000000 110.00000000 40.00000000 0.49014346]
[5600.00000000 120.00000000 40.00000000 0.49014346]
[5600.00000000 130.00000000 40.00000000 0.49600501]
[5600.00000000 140.00000000 40.00000000 0.49600501]
[5600.00000000 150.00000000 40.00000000 0.49600501]
[5600.00000000 160.00000000 40.00000000 0.49600501]
[5700.00000000 40.00000000 40.00000000 0.46997628]
[5700.00000000 50.00000000 40.00000000 0.48362201]
[5700.00000000 60.00000000 40.00000000 0.50404460]
[5700.00000000 70.00000000 40.00000000 0.51365651]
[5700.00000000 80.00000000 40.00000000 0.53979863]
[5700.00000000 90.00000000 40.00000000 0.52727089]
[5700.00000000 100.00000000 40.00000000 0.50616720]
[5700.00000000 110.00000000 40.00000000 0.48932617]
[5700.00000000 120.00000000 40.00000000 0.48932617]
[5700.00000000 130.00000000 40.00000000 0.49514102]
[5700.00000000 140.00000000 40.00000000 0.49514102]
[5700.00000000 150.00000000 40.00000000 0.49514102]
[5700.00000000 160.00000000 40.00000000 0.49514102]
[5800.00000000 40.00000000 40.00000000 0.47150654]
[5800.00000000 50.00000000 40.00000000 0.48905864]
[5800.00000000 60.00000000 40.00000000 0.50314349]
[5800.00000000 70.00000000 40.00000000 0.51211406]
[5800.00000000 80.00000000 40.00000000 0.53759418]
[5800.00000000 90.00000000 40.00000000 0.52505979]
[5800.00000000 100.00000000 40.00000000 0.50407254]
[5800.00000000 110.00000000 40.00000000 0.48615271]
[5800.00000000 120.00000000 40.00000000 0.49129049]
[5800.00000000 130.00000000 40.00000000 0.49129049]
[5800.00000000 140.00000000 40.00000000 0.49129049]
[5800.00000000 150.00000000 40.00000000 0.49129049]
[5800.00000000 160.00000000 40.00000000 0.49129049]
[5900.00000000 40.00000000 40.00000000 0.47227953]
[5900.00000000 50.00000000 40.00000000 0.48869478]
[5900.00000000 60.00000000 40.00000000 0.50398799]
[5900.00000000 70.00000000 40.00000000 0.51080713]
[5900.00000000 80.00000000 40.00000000 0.51824855]
[5900.00000000 90.00000000 40.00000000 0.50601725]
[5900.00000000 100.00000000 40.00000000 0.48971021]
[5900.00000000 110.00000000 40.00000000 0.46623640]
[5900.00000000 120.00000000 40.00000000 0.46966848]
[5900.00000000 130.00000000 40.00000000 0.46966848]
[5900.00000000 140.00000000 40.00000000 0.46966848]
[5900.00000000 150.00000000 40.00000000 0.46966848]
[5900.00000000 160.00000000 40.00000000 0.46966848]
[6000.00000000 40.00000000 40.00000000 0.47295338]
[6000.00000000 50.00000000 40.00000000 0.48852870]
[6000.00000000 60.00000000 40.00000000 0.50453259]
[6000.00000000 70.00000000 40.00000000 0.51369726]
[6000.00000000 80.00000000 40.00000000 0.51388817]
[6000.00000000 90.00000000 40.00000000 0.50188068]
[6000.00000000 100.00000000 40.00000000 0.48540030]
[6000.00000000 110.00000000 40.00000000 0.46134395]
[6000.00000000 120.00000000 40.00000000 0.46471927]
[6000.00000000 130.00000000 40.00000000 0.46471927]
[6000.00000000 140.00000000 40.00000000 0.46471927]
[6000.00000000 150.00000000 40.00000000 0.46471927]
[6000.00000000 160.00000000 40.00000000 0.46471927]
[6100.00000000 40.00000000 40.00000000 0.47278896]
[6100.00000000 50.00000000 40.00000000 0.48600545]
[6100.00000000 60.00000000 40.00000000 0.50517427]
[6100.00000000 70.00000000 40.00000000 0.51019687]
[6100.00000000 80.00000000 40.00000000 0.51077181]
[6100.00000000 90.00000000 40.00000000 0.47910172]
[6100.00000000 100.00000000 40.00000000 0.48331557]
[6100.00000000 110.00000000 40.00000000 0.45908723]
[6100.00000000 120.00000000 40.00000000 0.46225799]
[6100.00000000 130.00000000 40.00000000 0.46225799]
[6100.00000000 140.00000000 40.00000000 0.40004399]
[6100.00000000 150.00000000 40.00000000 0.40004399]
[6100.00000000 160.00000000 40.00000000 0.40004399]
[6200.00000000 40.00000000 40.00000000 0.47179371]
[6200.00000000 50.00000000 40.00000000 0.48441213]
[6200.00000000 60.00000000 40.00000000 0.49038414]
[6200.00000000 70.00000000 40.00000000 0.50241320]
[6200.00000000 80.00000000 40.00000000 0.49423524]
[6200.00000000 90.00000000 40.00000000 0.46235640]
[6200.00000000 100.00000000 40.00000000 0.46634330]
[6200.00000000 110.00000000 40.00000000 0.44028052]
[6200.00000000 120.00000000 40.00000000 0.44329214]
[6200.00000000 130.00000000 40.00000000 0.44329214]
[6200.00000000 140.00000000 40.00000000 0.38281337]
[6200.00000000 150.00000000 40.00000000 0.38281337]
[6200.00000000 160.00000000 40.00000000 0.34793612]
[6300.00000000 40.00000000 40.00000000 0.47145955]
[6300.00000000 50.00000000 40.00000000 0.47993849]
[6300.00000000 60.00000000 40.00000000 0.48420056]
[6300.00000000 70.00000000 40.00000000 0.49923664]
[6300.00000000 80.00000000 40.00000000 0.48688341]
[6300.00000000 90.00000000 40.00000000 0.45488257]
[6300.00000000 100.00000000 40.00000000 0.45881263]
[6300.00000000 110.00000000 40.00000000 0.43296812]
[6300.00000000 120.00000000 40.00000000 0.43589601]
[6300.00000000 130.00000000 40.00000000 0.43589601]
[6300.00000000 140.00000000 40.00000000 0.37575284]
[6300.00000000 150.00000000 40.00000000 0.37575284]
[6300.00000000 160.00000000 40.00000000 0.34500480]
[6400.00000000 40.00000000 40.00000000 0.46216493]
[6400.00000000 50.00000000 40.00000000 0.47310250]
[6400.00000000 60.00000000 40.00000000 0.47806884]
[6400.00000000 70.00000000 40.00000000 0.48817684]
[6400.00000000 80.00000000 40.00000000 0.47573545]
[6400.00000000 90.00000000 40.00000000 0.44364937]
[6400.00000000 100.00000000 40.00000000 0.44738425]
[6400.00000000 110.00000000 40.00000000 0.42155239]
[6400.00000000 120.00000000 40.00000000 0.42436368]
[6400.00000000 130.00000000 40.00000000 0.42436368]
[6400.00000000 140.00000000 40.00000000 0.36507404]
[6400.00000000 150.00000000 40.00000000 0.36507404]
[6400.00000000 160.00000000 40.00000000 0.33465369]
[6500.00000000 40.00000000 40.00000000 0.46497057]
[6500.00000000 50.00000000 40.00000000 0.47375478]
[6500.00000000 60.00000000 40.00000000 0.47915377]
[6500.00000000 70.00000000 40.00000000 0.48479820]
[6500.00000000 80.00000000 40.00000000 0.47228681]
[6500.00000000 90.00000000 40.00000000 0.43998254]
[6500.00000000 100.00000000 40.00000000 0.44363756]
[6500.00000000 110.00000000 40.00000000 0.41975998]
[6500.00000000 120.00000000 40.00000000 0.41975998]
[6500.00000000 130.00000000 40.00000000 0.41975998]
[6500.00000000 140.00000000 40.00000000 0.36054536]
[6500.00000000 150.00000000 40.00000000 0.36054536]
[6500.00000000 160.00000000 40.00000000 0.33000170]
