[2500.00000000 40.00000000 40.00000000 0.08120536]
[2500.00000000 50.00000000 40.00000000 0.10643010]
[2500.00000000 60.00000000 40.00000000 0.12973910]
[2500.00000000 70.00000000 40.00000000 0.15075260]
[2500.00000000 80.00000000 40.00000000 0.17103952]
[2500.00000000 90.00000000 40.00000000 0.18939915]
[2500.00000000 100.00000000 40.00000000 0.20446063]
[2500.00000000 110.00000000 40.00000000 0.21689563]
[2500.00000000 120.00000000 40.00000000 0.23422449]
[2500.00000000 130.00000000 40.00000000 0.24308359]
[2500.00000000 140.00000000 40.00000000 0.24796183]
[2500.00000000 150.00000000 40.00000000 0.25407203]
[2500.00000000 160.00000000 40.00000000 0.25866090]
[2600.00000000 40.00000000 40.00000000 0.09377801]
[2600.00000000 50.00000000 40.00000000 0.12118711]
[2600.00000000 60.00000000 40.00000000 0.14847318]
[2600.00000000 70.00000000 40.00000000 0.16741731]
[2600.00000000 80.00000000 40.00000000 0.18882065]
[2600.00000000 90.00000000 40.00000000 0.21317602]
[2600.00000000 100.00000000 40.00000000 0.22678402]
[2600.00000000 110.00000000 40.00000000 0.25196544]
[2600.00000000 120.00000000 40.00000000 0.26333362]
[2600.00000000 130.00000000 40.00000000 0.26927530]
[2600.00000000 140.00000000 40.00000000 0.27857977]
[2600.00000000 150.00000000 40.00000000 0.28354383]
[2600.00000000 160.00000000 40.00000000 0.28871558]
[2700.00000000 40.00000000 40.00000000 0.10632897]
[2700.00000000 50.00000000 40.00000000 0.13816855]
[2700.00000000 60.00000000 40.00000000 0.16678957]
[2700.00000000 70.00000000 40.00000000 0.18432775]
[2700.00000000 80.00000000 40.00000000 0.20938167]
[2700.00000000 90.00000000 40.00000000 0.23086372]
[2700.00000000 100.00000000 40.00000000 0.24344893]
[2700.00000000 110.00000000 40.00000000 0.26856207]
[2700.00000000 120.00000000 40.00000000 0.27596439]
[2700.00000000 130.00000000 40.00000000 0.28171257]
[2700.00000000 140.00000000 40.00000000 0.29675318]
[2700.00000000 150.00000000 40.00000000 0.30176624]
[2700.00000000 160.00000000 40.00000000 0.31043739]
[2800.00000000 40.00000000 40.00000000 0.11999144]
[2800.00000000 50.00000000 40.00000000 0.15156942]
[2800.00000000 60.00000000 40.00000000 0.18135144]
[2800.00000000 70.00000000 40.00000000 0.19622766]
[2800.00000000 80.00000000 40.00000000 0.22429180]
[2800.00000000 90.00000000 40.00000000 0.24783247]
[2800.00000000 100.00000000 40.00000000 0.26117290]
[2800.00000000 110.00000000 40.00000000 0.29033619]
[2800.00000000 120.00000000 40.00000000 0.29672990]
[2800.00000000 130.00000000 40.00000000 0.29904074]
[2800.00000000 140.00000000 40.00000000 0.32037097]
[2800.00000000 150.00000000 40.00000000 0.32822187]
[2800.00000000 160.00000000 40.00000000 0.33439229]
[2900.00000000 40.00000000 40.00000000 0.13561081]
[2900.00000000 50.00000000 40.00000000 0.16719676]
[2900.00000000 60.00000000 40.00000000 0.19866792]
[2900.00000000 70.00000000 40.00000000 0.22037313]
[2900.00000000 80.00000000 40.00000000 0.24380779]
[2900.00000000 90.00000000 40.00000000 0.26451883]
[2900.00000000 100.00000000 40.00000000 0.27667947]
[2900.00000000 110.00000000 40.00000000 0.30478910]
[2900.00000000 120.00000000 40.00000000 0.30798915]
[2900.00000000 130.00000000 40.00000000 0.31880668]
[2900.00000000 140.00000000 40.00000000 0.33212117]
[2900.00000000 150.00000000 40.00000000 0.34385189]
[2900.00000000 160.00000000 40.00000000 0.35037969]
[3000.00000000 40.00000000 40.00000000 0.14940951]
[3000.00000000 50.00000000 40.00000000 0.18690915]
[3000.00000000 60.00000000 40.00000000 0.21367480]
[3000.00000000 70.00000000 40.00000000 0.23464432]
[3000.00000000 80.00000000 40.00000000 0.25683411]
[3000.00000000 90.00000000 40.00000000 0.27376876]
[3000.00000000 100.00000000 40.00000000 0.29336803]
[3000.00000000 110.00000000 40.00000000 0.31323241]
[3000.00000000 120.00000000 40.00000000 0.31639922]
[3000.00000000 130.00000000 40.00000000 0.32730386]
[3000.00000000 140.00000000 40.00000000 0.34973156]
[3000.00000000 150.00000000 40.00000000 0.35868989]
[3000.00000000 160.00000000 40.00000000 0.35868989]
[3100.00000000 40.00000000 40.00000000 0.16652740]
[3100.00000000 50.00000000 40.00000000 0.20429131]
[3100.00000000 60.00000000 40.00000000 0.23420433]
[3100.00000000 70.00000000 40.00000000 0.25822067]
[3100.00000000 80.00000000 40.00000000 0.27114651]
[3100.00000000 90.00000000 40.00000000 0.28769691]
[3100.00000000 100.00000000 40.00000000 0.31598338]
[3100.00000000 110.00000000 40.00000000 0.33491577]
[3100.00000000 120.00000000 40.00000000 0.34437246]
[3100.00000000 130.00000000 40.00000000 0.34756122]
[3100.00000000 140.00000000 40.00000000 0.36580466]
[3100.00000000 150.00000000 40.00000000 0.37877313]
[3100.00000000 160.00000000 40.00000000 0.37877313]
[3200.00000000 40.00000000 40.00000000 0.18206499]
[3200.00000000 50.00000000 40.00000000 0.22222789]
[3200.00000000 60.00000000 40.00000000 0.25224677]
[3200.00000000 70.00000000 40.00000000 0.27390059]
[3200.00000000 80.00000000 40.00000000 0.28898336]
[3200.00000000 90.00000000 40.00000000 0.30520187]
[3200.00000000 100.00000000 40.00000000 0.33010851]
[3200.00000000 110.00000000 40.00000000 0.34733144]
[3200.00000000 120.00000000 40.00000000 0.35953870]
[3200.00000000 130.00000000 40.00000000 0.36513793]
[3200.00000000 140.00000000 40.00000000 0.37803145]
[3200.00000000 150.00000000 40.00000000 0.39149034]
[3200.00000000 160.00000000 40.00000000 0.39149034]
[3300.00000000 40.00000000 40.00000000 0.19854079]
[3300.00000000 50.00000000 40.00000000 0.23522171]
[3300.00000000 60.00000000 40.00000000 0.26803673]
[3300.00000000 70.00000000 40.00000000 0.28632436]
[3300.00000000 80.00000000 40.00000000 0.30563767]
[3300.00000000 90.00000000 40.00000000 0.32236496]
[3300.00000000 100.00000000 40.00000000 0.34547724]
[3300.00000000 110.00000000 40.00000000 0.35652860]
[3300.00000000 120.00000000 40.00000000 0.36627095]
[3300.00000000 130.00000000 40.00000000 0.37595198]
[3300.00000000 140.00000000 40.00000000 0.38866247]
[3300.00000000 150.00000000 40.00000000 0.39797031]
[3300.00000000 160.00000000 40.00000000 0.39797031]
[3400.00000000 40.00000000 40.00000000 0.21556190]
[3400.00000000 50.00000000 40.00000000 0.25453569]
[3400.00000000 60.00000000 40.00000000 0.28050870]
[3400.00000000 70.00000000 40.00000000 0.29987320]
[3400.00000000 80.00000000 40.00000000 0.31753254]
[3400.00000000 90.00000000 40.00000000 0.33226546]
[3400.00000000 100.00000000 40.00000000 0.36074929]
[3400.00000000 110.00000000 40.00000000 0.37666591]
[3400.00000000 120.00000000 40.00000000 0.37714232]
[3400.00000000 130.00000000 40.00000000 0.38326471]
[3400.00000000 140.00000000 40.00000000 0.39633908]
[3400.00000000 150.00000000 40.00000000 0.40593513]
[3400.00000000 160.00000000 40.00000000 0.40593513]
[3500.00000000 40.00000000 40.00000000 0.23129623]
[3500.00000000 50.00000000 40.00000000 0.26739453]
[3500.00000000 60.00000000 40.00000000 0.29562057]
[3500.00000000 70.00000000 40.00000000 0.31299264]
[3500.00000000 80.00000000 40.00000000 0.33457278]
[3500.00000000 90.00000000 40.00000000 0.33977698]
[3500.00000000 100.00000000 40.00000000 0.36904122]
[3500.00000000 110.00000000 40.00000000 0.38352656]
[3500.00000000 120.00000000 40.00000000 0.38372148]
[3500.00000000 130.00000000 40.00000000 0.38990515]
[3500.00000000 140.00000000 40.00000000 0.40274931]
[3500.00000000 150.00000000 40.00000000 0.41254480]
[3500.00000000 160.00000000 40.00000000 0.41254480]
[3600.00000000 40.00000000 40.00000000 0.24511810]
[3600.00000000 50.00000000 40.00000000 0.28522348]
[3600.00000000 60.00000000 40.00000000 0.30921855]
[3600.00000000 70.00000000 40.00000000 0.33156373]
[3600.00000000 80.00000000 40.00000000 0.34802678]
[3600.00000000 90.00000000 40.00000000 0.35443038]
[3600.00000000 100.00000000 40.00000000 0.38011197]
[3600.00000000 110.00000000 40.00000000 0.38776498]
[3600.00000000 120.00000000 40.00000000 0.39003018]
[3600.00000000 130.00000000 40.00000000 0.39624135]
[3600.00000000 140.00000000 40.00000000 0.40908859]
[3600.00000000 150.00000000 40.00000000 0.41870917]
[3600.00000000 160.00000000 40.00000000 0.41870917]
[3700.00000000 40.00000000 40.00000000 0.25815269]
[3700.00000000 50.00000000 40.00000000 0.29550113]
[3700.00000000 60.00000000 40.00000000 0.32025099]
[3700.00000000 70.00000000 40.00000000 0.34197479]
[3700.00000000 80.00000000 40.00000000 0.36043576]
[3700.00000000 90.00000000 40.00000000 0.36415163]
[3700.00000000 100.00000000 40.00000000 0.39071510]
[3700.00000000 110.00000000 40.00000000 0.39855218]
[3700.00000000 120.00000000 40.00000000 0.40700241]
[3700.00000000 130.00000000 40.00000000 0.41367075]
[3700.00000000 140.00000000 40.00000000 0.41885038]
[3700.00000000 150.00000000 40.00000000 0.42826275]
[3700.00000000 160.00000000 40.00000000 0.42826275]
[3800.00000000 40.00000000 40.00000000 0.27557990]
[3800.00000000 50.00000000 40.00000000 0.30880570]
[3800.00000000 60.00000000 40.00000000 0.33378384]
[3800.00000000 70.00000000 40.00000000 0.35933123]
[3800.00000000 80.00000000 40.00000000 0.37422432]
[3800.00000000 90.00000000 40.00000000 0.38006572]
[3800.00000000 100.00000000 40.00000000 0.39918008]
[3800.00000000 110.00000000 40.00000000 0.41580557]
[3800.00000000 120.00000000 40.00000000 0.41580557]
[3800.00000000 130.00000000 40.00000000 0.42713241]
[3800.00000000 140.00000000 40.00000000 0.42713241]
[3800.00000000 150.00000000 40.00000000 0.43663843]
[3800.00000000 160.00000000 40.00000000 0.43663843]
[3900.00000000 40.00000000 40.00000000 0.28502415]
[3900.00000000 50.00000000 40.00000000 0.31629154]
[3900.00000000 60.00000000 40.00000000 0.33877982]
[3900.00000000 70.00000000 40.00000000 0.36224559]
[3900.00000000 80.00000000 40.00000000 0.37715098]
[3900.00000000 90.00000000 40.00000000 0.38599676]
[3900.00000000 100.00000000 40.00000000 0.40537018]
[3900.00000000 110.00000000 40.00000000 0.41749450]
[3900.00000000 120.00000000 40.00000000 0.41749450]
[3900.00000000 130.00000000 40.00000000 0.42832746]
[3900.00000000 140.00000000 40.00000000 0.42832746]
[3900.00000000 150.00000000 40.00000000 0.43773224]
[3900.00000000 160.00000000 40.00000000 0.44329594]
[4000.00000000 40.00000000 40.00000000 0.30475020]
[4000.00000000 50.00000000 40.00000000 0.32850402]
[4000.00000000 60.00000000 40.00000000 0.35091753]
[4000.00000000 70.00000000 40.00000000 0.37633792]
[4000.00000000 80.00000000 40.00000000 0.39307282]
[4000.00000000 90.00000000 40.00000000 0.39673549]
[4000.00000000 100.00000000 40.00000000 0.41527433]
[4000.00000000 110.00000000 40.00000000 0.42115332]
[4000.00000000 120.00000000 40.00000000 0.42115332]
[4000.00000000 130.00000000 40.00000000 0.43170103]
[4000.00000000 140.00000000 40.00000000 0.43170103]
[4000.00000000 150.00000000 40.00000000 0.44111754]
[4000.00000000 160.00000000 40.00000000 0.44655440]
[4100.00000000 40.00000000 40.00000000 0.31007690]
[4100.00000000 50.00000000 40.00000000 0.33177808]
[4100.00000000 60.00000000 40.00000000 0.36061039]
[4100.00000000 70.00000000 40.00000000 0.38494963]
[4100.00000000 80.00000000 40.00000000 0.39674300]
[4100.00000000 90.00000000 40.00000000 0.40089239]
[4100.00000000 100.00000000 40.00000000 0.41880998]
[4100.00000000 110.00000000 40.00000000 0.42460803]
[4100.00000000 120.00000000 40.00000000 0.42873183]
[4100.00000000 130.00000000 40.00000000 0.43468609]
[4100.00000000 140.00000000 40.00000000 0.43468609]
[4100.00000000 150.00000000 40.00000000 0.44367629]
[4100.00000000 160.00000000 40.00000000 0.44921828]
[4200.00000000 40.00000000 40.00000000 0.32032190]
[4200.00000000 50.00000000 40.00000000 0.34046118]
[4200.00000000 60.00000000 40.00000000 0.37187575]
[4200.00000000 70.00000000 40.00000000 0.39162048]
[4200.00000000 80.00000000 40.00000000 0.40703943]
[4200.00000000 90.00000000 40.00000000 0.40843165]
[4200.00000000 100.00000000 40.00000000 0.42650466]
[4200.00000000 110.00000000 40.00000000 0.42650466]
[4200.00000000 120.00000000 40.00000000 0.43064194]
[4200.00000000 130.00000000 40.00000000 0.43664661]
[4200.00000000 140.00000000 40.00000000 0.42416195]
[4200.00000000 150.00000000 40.00000000 0.43282144]
[4200.00000000 160.00000000 40.00000000 0.43735477]
[4300.00000000 40.00000000 40.00000000 0.33483806]
[4300.00000000 50.00000000 40.00000000 0.34911351]
[4300.00000000 60.00000000 40.00000000 0.38189469]
[4300.00000000 70.00000000 40.00000000 0.39842158]
[4300.00000000 80.00000000 40.00000000 0.41485714]
[4300.00000000 90.00000000 40.00000000 0.42323158]
[4300.00000000 100.00000000 40.00000000 0.42854685]
[4300.00000000 110.00000000 40.00000000 0.42854685]
[4300.00000000 120.00000000 40.00000000 0.43256541]
[4300.00000000 130.00000000 40.00000000 0.43855634]
[4300.00000000 140.00000000 40.00000000 0.42635705]
[4300.00000000 150.00000000 40.00000000 0.43492063]
[4300.00000000 160.00000000 40.00000000 0.43919822]
[4400.00000000 40.00000000 40.00000000 0.34503460]
[4400.00000000 50.00000000 40.00000000 0.36053249]
[4400.00000000 60.00000000 40.00000000 0.38772331]
[4400.00000000 70.00000000 40.00000000 0.40606984]
[4400.00000000 80.00000000 40.00000000 0.41500834]
[4400.00000000 90.00000000 40.00000000 0.42588425]
[4400.00000000 100.00000000 40.00000000 0.43125913]
[4400.00000000 110.00000000 40.00000000 0.43514916]
[4400.00000000 120.00000000 40.00000000 0.42196013]
[4400.00000000 130.00000000 40.00000000 0.42779970]
[4400.00000000 140.00000000 40.00000000 0.42779970]
[4400.00000000 150.00000000 40.00000000 0.43581499]
[4400.00000000 160.00000000 40.00000000 0.44055448]
[4500.00000000 40.00000000 40.00000000 0.35358750]
[4500.00000000 50.00000000 40.00000000 0.37350543]
[4500.00000000 60.00000000 40.00000000 0.39369451]
[4500.00000000 70.00000000 40.00000000 0.41027204]
[4500.00000000 80.00000000 40.00000000 0.42515933]
[4500.00000000 90.00000000 40.00000000 0.42923311]
[4500.00000000 100.00000000 40.00000000 0.43448071]
[4500.00000000 110.00000000 40.00000000 0.43827826]
[4500.00000000 120.00000000 40.00000000 0.42515807]
[4500.00000000 130.00000000 40.00000000 0.43086876]
[4500.00000000 140.00000000 40.00000000 0.43086876]
[4500.00000000 150.00000000 40.00000000 0.44333268]
[4500.00000000 160.00000000 40.00000000 0.44333268]
[4600.00000000 40.00000000 40.00000000 0.36613238]
[4600.00000000 50.00000000 40.00000000 0.38554907]
[4600.00000000 60.00000000 40.00000000 0.40707082]
[4600.00000000 70.00000000 40.00000000 0.41778991]
[4600.00000000 80.00000000 40.00000000 0.43074938]
[4600.00000000 90.00000000 40.00000000 0.43932978]
[4600.00000000 100.00000000 40.00000000 0.43932978]
[4600.00000000 110.00000000 40.00000000 0.44313606]
[4600.00000000 120.00000000 40.00000000 0.42966863]
[4600.00000000 130.00000000 40.00000000 0.43524909]
[4600.00000000 140.00000000 40.00000000 0.42598747]
[4600.00000000 150.00000000 40.00000000 0.43726287]
[4600.00000000 160.00000000 40.00000000 0.43726287]
[4700.00000000 40.00000000 40.00000000 0.37909339]
[4700.00000000 50.00000000 40.00000000 0.39662994]
[4700.00000000 60.00000000 40.00000000 0.41002022]
[4700.00000000 70.00000000 40.00000000 0.42048269]
[4700.00000000 80.00000000 40.00000000 0.43358366]
[4700.00000000 90.00000000 40.00000000 0.44129876]
[4700.00000000 100.00000000 40.00000000 0.44129876]
[4700.00000000 110.00000000 40.00000000 0.44447866]
[4700.00000000 120.00000000 40.00000000 0.43072308]
[4700.00000000 130.00000000 40.00000000 0.43628537]
[4700.00000000 140.00000000 40.00000000 0.42676637]
[4700.00000000 150.00000000 40.00000000 0.43763228]
[4700.00000000 160.00000000 40.00000000 0.43763228]
[4800.00000000 40.00000000 40.00000000 0.38766286]
[4800.00000000 50.00000000 40.00000000 0.40619074]
[4800.00000000 60.00000000 40.00000000 0.41746846]
[4800.00000000 70.00000000 40.00000000 0.42493549]
[4800.00000000 80.00000000 40.00000000 0.43728648]
[4800.00000000 90.00000000 40.00000000 0.44502390]
[4800.00000000 100.00000000 40.00000000 0.45067589]
[4800.00000000 110.00000000 40.00000000 0.45392945]
[4800.00000000 120.00000000 40.00000000 0.43991003]
[4800.00000000 130.00000000 40.00000000 0.44563802]
[4800.00000000 140.00000000 40.00000000 0.43594164]
[4800.00000000 150.00000000 40.00000000 0.43942009]
[4800.00000000 160.00000000 40.00000000 0.43942009]
[4900.00000000 40.00000000 40.00000000 0.39612745]
[4900.00000000 50.00000000 40.00000000 0.41218534]
[4900.00000000 60.00000000 40.00000000 0.41911546]
[4900.00000000 70.00000000 40.00000000 0.43374086]
[4900.00000000 80.00000000 40.00000000 0.44597701]
[4900.00000000 90.00000000 40.00000000 0.45040629]
[4900.00000000 100.00000000 40.00000000 0.45614264]
[4900.00000000 110.00000000 40.00000000 0.42581357]
[4900.00000000 120.00000000 40.00000000 0.42581357]
[4900.00000000 130.00000000 40.00000000 0.43167680]
[4900.00000000 140.00000000 40.00000000 0.43167680]
[4900.00000000 150.00000000 40.00000000 0.41378536]
[4900.00000000 160.00000000 40.00000000 0.41378536]
[5000.00000000 40.00000000 40.00000000 0.39695443]
[5000.00000000 50.00000000 40.00000000 0.41054067]
[5000.00000000 60.00000000 40.00000000 0.42001706]
[5000.00000000 70.00000000 40.00000000 0.43134188]
[5000.00000000 80.00000000 40.00000000 0.44278575]
[5000.00000000 90.00000000 40.00000000 0.44710971]
[5000.00000000 100.00000000 40.00000000 0.45583322]
[5000.00000000 110.00000000 40.00000000 0.42119261]
[5000.00000000 120.00000000 40.00000000 0.42677824]
[5000.00000000 130.00000000 40.00000000 0.42677824]
[5000.00000000 140.00000000 40.00000000 0.42677824]
[5000.00000000 150.00000000 40.00000000 0.40856622]
[5000.00000000 160.00000000 40.00000000 0.40856622]
[5100.00000000 40.00000000 40.00000000 0.40585279]
[5100.00000000 50.00000000 40.00000000 0.41999385]
[5100.00000000 60.00000000 40.00000000 0.43137874]
[5100.00000000 70.00000000 40.00000000 0.45009230]
[5100.00000000 80.00000000 40.00000000 0.44944492]
[5100.00000000 90.00000000 40.00000000 0.45366705]
[5100.00000000 100.00000000 40.00000000 0.45685519]
[5100.00000000 110.00000000 40.00000000 0.42199434]
[5100.00000000 120.00000000 40.00000000 0.42752741]
[5100.00000000 130.00000000 40.00000000 0.42752741]
[5100.00000000 140.00000000 40.00000000 0.42752741]
[5100.00000000 150.00000000 40.00000000 0.40911877]
[5100.00000000 160.00000000 40.00000000 0.40911877]
[5200.00000000 40.00000000 40.00000000 0.41244661]
[5200.00000000 50.00000000 40.00000000 0.42575384]
[5200.00000000 60.00000000 40.00000000 0.43645908]
[5200.00000000 70.00000000 40.00000000 0.45661017]
[5200.00000000 80.00000000 40.00000000 0.45703714]
[5200.00000000 90.00000000 40.00000000 0.45703714]
[5200.00000000 100.00000000 40.00000000 0.45703714]
[5200.00000000 110.00000000 40.00000000 0.42164446]
[5200.00000000 120.00000000 40.00000000 0.42696548]
[5200.00000000 130.00000000 40.00000000 0.42696548]
[5200.00000000 140.00000000 40.00000000 0.42696548]
[5200.00000000 150.00000000 40.00000000 0.40862216]
[5200.00000000 160.00000000 40.00000000 0.40862216]
[5300.00000000 40.00000000 40.00000000 0.41482640]
[5300.00000000 50.00000000 40.00000000 0.42734269]
[5300.00000000 60.00000000 40.00000000 0.43787688]
[5300.00000000 70.00000000 40.00000000 0.45415808]
[5300.00000000 80.00000000 40.00000000 0.45412271]
[5300.00000000 90.00000000 40.00000000 0.45412271]
[5300.00000000 100.00000000 40.00000000 0.45412271]
[5300.00000000 110.00000000 40.00000000 0.41847984]
[5300.00000000 120.00000000 40.00000000 0.42361060]
[5300.00000000 130.00000000 40.00000000 0.42361060]
[5300.00000000 140.00000000 40.00000000 0.40296040]
[5300.00000000 150.00000000 40.00000000 0.40522517]
[5300.00000000 160.00000000 40.00000000 0.40522517]
[5400.00000000 40.00000000 40.00000000 0.41870724]
[5400.00000000 50.00000000 40.00000000 0.43425502]
[5400.00000000 60.00000000 40.00000000 0.44193265]
[5400.00000000 70.00000000 40.00000000 0.45502386]
[5400.00000000 80.00000000 40.00000000 0.45652939]
[5400.00000000 90.00000000 40.00000000 0.45652939]
[5400.00000000 100.00000000 40.00000000 0.44938749]
[5400.00000000 110.00000000 40.00000000 0.42064602]
[5400.00000000 120.00000000 40.00000000 0.42392110]
[5400.00000000 130.00000000 40.00000000 0.42392110]
[5400.00000000 140.00000000 40.00000000 0.40335306]
[5400.00000000 150.00000000 40.00000000 0.40564094]
[5400.00000000 160.00000000 40.00000000 0.40564094]
[5500.00000000 40.00000000 40.00000000 0.42286870]
[5500.00000000 50.00000000 40.00000000 0.43750844]
[5500.00000000 60.00000000 40.00000000 0.44310027]
[5500.00000000 70.00000000 40.00000000 0.45567464]
[5500.00000000 80.00000000 40.00000000 0.45716727]
[5500.00000000 90.00000000 40.00000000 0.45716727]
[5500.00000000 100.00000000 40.00000000 0.44952933]
[5500.00000000 110.00000000 40.00000000 0.42086090]
[5500.00000000 120.00000000 40.00000000 0.42404494]
[5500.00000000 130.00000000 40.00000000 0.42404494]
[5500.00000000 140.00000000 40.00000000 0.40323198]
[5500.00000000 150.00000000 40.00000000 0.40501878]
[5500.00000000 160.00000000 40.00000000 0.40501878]
[5600.00000000 40.00000000 40.00000000 0.42398458]
[5600.00000000 50.00000000 40.00000000 0.43789907]
[5600.00000000 60.00000000 40.00000000 0.44592044]
[5600.00000000 70.00000000 40.00000000 0.45458471]
[5600.00000000 80.00000000 40.00000000 0.45606181]
[5600.00000000 90.00000000 40.00000000 0.45877824]
[5600.00000000 100.00000000 40.00000000 0.43810235]
[5600.00000000 110.00000000 40.00000000 0.42208235]
[5600.00000000 120.00000000 40.00000000 0.42208235]
[5600.00000000 130.00000000 40.00000000 0.42208235]
[5600.00000000 140.00000000 40.00000000 0.40128722]
[5600.00000000 150.00000000 40.00000000 0.40291262]
[5600.00000000 160.00000000 40.00000000 0.40291262]
[5700.00000000 40.00000000 40.00000000 0.42365461]
[5700.00000000 50.00000000 40.00000000 0.43741307]
[5700.00000000 60.00000000 40.00000000 0.44383291]
[5700.00000000 70.00000000 40.00000000 0.45172989]
[5700.00000000 80.00000000 40.00000000 0.45317616]
[5700.00000000 90.00000000 40.00000000 0.45576290]
[5700.00000000 100.00000000 40.00000000 0.43519494]
[5700.00000000 110.00000000 40.00000000 0.41884977]
[5700.00000000 120.00000000 40.00000000 0.41884977]
[5700.00000000 130.00000000 40.00000000 0.41884977]
[5700.00000000 140.00000000 40.00000000 0.39761199]
[5700.00000000 150.00000000 40.00000000 0.39860140]
[5700.00000000 160.00000000 40.00000000 0.39860140]
[5800.00000000 40.00000000 40.00000000 0.42480535]
[5800.00000000 50.00000000 40.00000000 0.43923452]
[5800.00000000 60.00000000 40.00000000 0.44422225]
[5800.00000000 70.00000000 40.00000000 0.45150649]
[5800.00000000 80.00000000 40.00000000 0.45477368]
[5800.00000000 90.00000000 40.00000000 0.45477368]
[5800.00000000 100.00000000 40.00000000 0.43424148]
[5800.00000000 110.00000000 40.00000000 0.41805866]
[5800.00000000 120.00000000 40.00000000 0.41805866]
[5800.00000000 130.00000000 40.00000000 0.41805866]
[5800.00000000 140.00000000 40.00000000 0.39663707]
[5800.00000000 150.00000000 40.00000000 0.39751146]
[5800.00000000 160.00000000 40.00000000 0.39751146]
[5900.00000000 40.00000000 40.00000000 0.42269964]
[5900.00000000 50.00000000 40.00000000 0.43826099]
[5900.00000000 60.00000000 40.00000000 0.44543932]
[5900.00000000 70.00000000 40.00000000 0.44711787]
[5900.00000000 80.00000000 40.00000000 0.45037544]
[5900.00000000 90.00000000 40.00000000 0.45037544]
[5900.00000000 100.00000000 40.00000000 0.42959737]
[5900.00000000 110.00000000 40.00000000 0.41391601]
[5900.00000000 120.00000000 40.00000000 0.41391601]
[5900.00000000 130.00000000 40.00000000 0.41391601]
[5900.00000000 140.00000000 40.00000000 0.39250415]
[5900.00000000 150.00000000 40.00000000 0.39300124]
[5900.00000000 160.00000000 40.00000000 0.39300124]
[6000.00000000 40.00000000 40.00000000 0.42646024]
[6000.00000000 50.00000000 40.00000000 0.43957638]
[6000.00000000 60.00000000 40.00000000 0.44865625]
[6000.00000000 70.00000000 40.00000000 0.44712721]
[6000.00000000 80.00000000 40.00000000 0.45011253]
[6000.00000000 90.00000000 40.00000000 0.45011253]
[6000.00000000 100.00000000 40.00000000 0.42917694]
[6000.00000000 110.00000000 40.00000000 0.41356674]
[6000.00000000 120.00000000 40.00000000 0.41356674]
[6000.00000000 130.00000000 40.00000000 0.41356674]
[6000.00000000 140.00000000 40.00000000 0.39212247]
[6000.00000000 150.00000000 40.00000000 0.39247758]
[6000.00000000 160.00000000 40.00000000 0.39247758]
[6100.00000000 40.00000000 40.00000000 0.42835639]
[6100.00000000 50.00000000 40.00000000 0.43863770]
[6100.00000000 60.00000000 40.00000000 0.44750637]
[6100.00000000 70.00000000 40.00000000 0.44566609]
[6100.00000000 80.00000000 40.00000000 0.44846923]
[6100.00000000 90.00000000 40.00000000 0.44846923]
[6100.00000000 100.00000000 40.00000000 0.42646259]
[6100.00000000 110.00000000 40.00000000 0.40988761]
[6100.00000000 120.00000000 40.00000000 0.40988761]
[6100.00000000 130.00000000 40.00000000 0.40988761]
[6100.00000000 140.00000000 40.00000000 0.38843903]
[6100.00000000 150.00000000 40.00000000 0.38866160]
[6100.00000000 160.00000000 40.00000000 0.38866160]
[6200.00000000 40.00000000 40.00000000 0.43078152]
[6200.00000000 50.00000000 40.00000000 0.43810016]
[6200.00000000 60.00000000 40.00000000 0.44671236]
[6200.00000000 70.00000000 40.00000000 0.44475577]
[6200.00000000 80.00000000 40.00000000 0.44743258]
[6200.00000000 90.00000000 40.00000000 0.44743258]
[6200.00000000 100.00000000 40.00000000 0.42508003]
[6200.00000000 110.00000000 40.00000000 0.40822610]
[6200.00000000 120.00000000 40.00000000 0.40822610]
[6200.00000000 130.00000000 40.00000000 0.40822610]
[6200.00000000 140.00000000 40.00000000 0.38742655]
[6200.00000000 150.00000000 40.00000000 0.38746439]
[6200.00000000 160.00000000 40.00000000 0.38746439]
[6300.00000000 40.00000000 40.00000000 0.43384479]
[6300.00000000 50.00000000 40.00000000 0.43582828]
[6300.00000000 60.00000000 40.00000000 0.44421535]
[6300.00000000 70.00000000 40.00000000 0.44080508]
[6300.00000000 80.00000000 40.00000000 0.44243029]
[6300.00000000 90.00000000 40.00000000 0.44243029]
[6300.00000000 100.00000000 40.00000000 0.41960846]
[6300.00000000 110.00000000 40.00000000 0.40281421]
[6300.00000000 120.00000000 40.00000000 0.40281421]
[6300.00000000 130.00000000 40.00000000 0.40281421]
[6300.00000000 140.00000000 40.00000000 0.38184765]
[6300.00000000 150.00000000 40.00000000 0.38137379]
[6300.00000000 160.00000000 40.00000000 0.38137379]
[6400.00000000 40.00000000 40.00000000 0.42806913]
[6400.00000000 50.00000000 40.00000000 0.43230583]
[6400.00000000 60.00000000 40.00000000 0.43988315]
[6400.00000000 70.00000000 40.00000000 0.43659476]
[6400.00000000 80.00000000 40.00000000 0.43811365]
[6400.00000000 90.00000000 40.00000000 0.43811365]
[6400.00000000 100.00000000 40.00000000 0.41530184]
[6400.00000000 110.00000000 40.00000000 0.39836813]
[6400.00000000 120.00000000 40.00000000 0.39836813]
[6400.00000000 130.00000000 40.00000000 0.39836813]
[6400.00000000 140.00000000 40.00000000 0.37735388]
[6400.00000000 150.00000000 40.00000000 0.37660025]
[6400.00000000 160.00000000 40.00000000 0.37660025]
[6500.00000000 40.00000000 40.00000000 0.42876567]
[6500.00000000 50.00000000 40.00000000 0.43298497]
[6500.00000000 60.00000000 40.00000000 0.43884336]
[6500.00000000 70.00000000 40.00000000 0.43717929]
[6500.00000000 80.00000000 40.00000000 0.43717929]
[6500.00000000 90.00000000 40.00000000 0.43717929]
[6500.00000000 100.00000000 40.00000000 0.41409481]
[6500.00000000 110.00000000 40.00000000 0.39712149]
[6500.00000000 120.00000000 40.00000000 0.39712149]
[6500.00000000 130.00000000 40.00000000 0.39712149]
[6500.00000000 140.00000000 40.00000000 0.37478720]
[6500.00000000 150.00000000 40.00000000 0.37478720]
[6500.00000000 160.00000000 40.00000000 0.37478720]
