[6500.00000000 250.00000000 40.00000000 0.05144834]
[6500.00000000 230.00000000 40.00000000 0.05144834]
[6500.00000000 210.00000000 40.00000000 0.05144834]
[6500.00000000 190.00000000 40.00000000 0.05144834]
[6500.00000000 170.00000000 40.00000000 0.05144834]
[6500.00000000 150.00000000 40.00000000 0.05144834]
[6500.00000000 130.00000000 40.00000000 0.05144834]
[6500.00000000 110.00000000 40.00000000 0.05144834]
[6500.00000000 90.00000000 40.00000000 0.05144834]
[6500.00000000 70.00000000 40.00000000 0.06912442]
[6500.00000000 50.00000000 40.00000000 0.06923950]
[6200.00000000 250.00000000 40.00000000 0.05285776]
[6200.00000000 230.00000000 40.00000000 0.05285776]
[6200.00000000 210.00000000 40.00000000 0.05285776]
[6200.00000000 190.00000000 40.00000000 0.05285776]
[6200.00000000 170.00000000 40.00000000 0.05285776]
[6200.00000000 150.00000000 40.00000000 0.05285776]
[6200.00000000 130.00000000 40.00000000 0.05285776]
[6200.00000000 110.00000000 40.00000000 0.05285776]
[6200.00000000 90.00000000 40.00000000 0.05285776]
[6200.00000000 70.00000000 40.00000000 0.06788408]
[6200.00000000 50.00000000 40.00000000 0.08898457]
[5900.00000000 250.00000000 40.00000000 0.05526992]
[5900.00000000 230.00000000 40.00000000 0.05526992]
[5900.00000000 210.00000000 40.00000000 0.05526992]
[5900.00000000 190.00000000 40.00000000 0.05526992]
[5900.00000000 170.00000000 40.00000000 0.05526992]
[5900.00000000 150.00000000 40.00000000 0.05526992]
[5900.00000000 130.00000000 40.00000000 0.05526992]
[5900.00000000 110.00000000 40.00000000 0.05526992]
[5900.00000000 90.00000000 40.00000000 0.05526992]
[5900.00000000 70.00000000 40.00000000 0.07179087]
[5900.00000000 50.00000000 40.00000000 0.09151637]
[5600.00000000 250.00000000 40.00000000 0.06327490]
[5600.00000000 230.00000000 40.00000000 0.06327490]
[5600.00000000 210.00000000 40.00000000 0.06327490]
[5600.00000000 190.00000000 40.00000000 0.06327490]
[5600.00000000 170.00000000 40.00000000 0.06327490]
[5600.00000000 150.00000000 40.00000000 0.06327490]
[5600.00000000 130.00000000 40.00000000 0.06327490]
[5600.00000000 110.00000000 40.00000000 0.06327490]
[5600.00000000 90.00000000 40.00000000 0.08310358]
[5600.00000000 70.00000000 40.00000000 0.07881957]
[5600.00000000 50.00000000 40.00000000 0.09107143]
[5300.00000000 250.00000000 40.00000000 0.07103360]
[5300.00000000 230.00000000 40.00000000 0.07103360]
[5300.00000000 210.00000000 40.00000000 0.07103360]
[5300.00000000 190.00000000 40.00000000 0.07103360]
[5300.00000000 170.00000000 40.00000000 0.07103360]
[5300.00000000 150.00000000 40.00000000 0.07103360]
[5300.00000000 130.00000000 40.00000000 0.07103360]
[5300.00000000 110.00000000 40.00000000 0.07103360]
[5300.00000000 90.00000000 40.00000000 0.09192308]
[5300.00000000 70.00000000 40.00000000 0.08713088]
[5300.00000000 50.00000000 40.00000000 0.09255319]
[5000.00000000 250.00000000 40.00000000 0.07399577]
[5000.00000000 230.00000000 40.00000000 0.07399577]
[5000.00000000 210.00000000 40.00000000 0.07399577]
[5000.00000000 190.00000000 40.00000000 0.07399577]
[5000.00000000 170.00000000 40.00000000 0.07399577]
[5000.00000000 150.00000000 40.00000000 0.07399577]
[5000.00000000 130.00000000 40.00000000 0.07399577]
[5000.00000000 110.00000000 40.00000000 0.07399577]
[5000.00000000 90.00000000 40.00000000 0.09014904]
[5000.00000000 70.00000000 40.00000000 0.09473346]
[5000.00000000 50.00000000 40.00000000 0.08616619]
[4700.00000000 250.00000000 40.00000000 0.13508371]
[4700.00000000 230.00000000 40.00000000 0.13508371]
[4700.00000000 210.00000000 40.00000000 0.13508371]
[4700.00000000 190.00000000 40.00000000 0.13508371]
[4700.00000000 170.00000000 40.00000000 0.13508371]
[4700.00000000 150.00000000 40.00000000 0.13508371]
[4700.00000000 130.00000000 40.00000000 0.13508371]
[4700.00000000 110.00000000 40.00000000 0.13261113]
[4700.00000000 90.00000000 40.00000000 0.13254113]
[4700.00000000 70.00000000 40.00000000 0.11832891]
[4700.00000000 50.00000000 40.00000000 0.10142574]
[4400.00000000 250.00000000 40.00000000 0.14120284]
[4400.00000000 230.00000000 40.00000000 0.14120284]
[4400.00000000 210.00000000 40.00000000 0.14120284]
[4400.00000000 190.00000000 40.00000000 0.14120284]
[4400.00000000 170.00000000 40.00000000 0.14120284]
[4400.00000000 150.00000000 40.00000000 0.14120284]
[4400.00000000 130.00000000 40.00000000 0.14120284]
[4400.00000000 110.00000000 40.00000000 0.15591398]
[4400.00000000 90.00000000 40.00000000 0.17061118]
[4400.00000000 70.00000000 40.00000000 0.13984225]
[4400.00000000 50.00000000 40.00000000 0.10514506]
[4100.00000000 250.00000000 40.00000000 0.14793116]
[4100.00000000 230.00000000 40.00000000 0.14793116]
[4100.00000000 210.00000000 40.00000000 0.14793116]
[4100.00000000 190.00000000 40.00000000 0.14793116]
[4100.00000000 170.00000000 40.00000000 0.14793116]
[4100.00000000 150.00000000 40.00000000 0.14793116]
[4100.00000000 130.00000000 40.00000000 0.14793116]
[4100.00000000 110.00000000 40.00000000 0.14389535]
[4100.00000000 90.00000000 40.00000000 0.14782792]
[4100.00000000 70.00000000 40.00000000 0.12358956]
[4100.00000000 50.00000000 40.00000000 0.09525751]
[3800.00000000 250.00000000 40.00000000 0.15965480]
[3800.00000000 230.00000000 40.00000000 0.15965480]
[3800.00000000 210.00000000 40.00000000 0.15965480]
[3800.00000000 190.00000000 40.00000000 0.15965480]
[3800.00000000 170.00000000 40.00000000 0.15965480]
[3800.00000000 150.00000000 40.00000000 0.15965480]
[3800.00000000 130.00000000 40.00000000 0.17425680]
[3800.00000000 110.00000000 40.00000000 0.16959959]
[3800.00000000 90.00000000 40.00000000 0.13336793]
[3800.00000000 70.00000000 40.00000000 0.10888293]
[3800.00000000 50.00000000 40.00000000 0.08915812]
[3500.00000000 250.00000000 40.00000000 0.16848017]
[3500.00000000 230.00000000 40.00000000 0.16848017]
[3500.00000000 210.00000000 40.00000000 0.16689847]
[3500.00000000 190.00000000 40.00000000 0.16689847]
[3500.00000000 170.00000000 40.00000000 0.16689847]
[3500.00000000 150.00000000 40.00000000 0.16466552]
[3500.00000000 130.00000000 40.00000000 0.17075281]
[3500.00000000 110.00000000 40.00000000 0.16032911]
[3500.00000000 90.00000000 40.00000000 0.11078444]
[3500.00000000 70.00000000 40.00000000 0.08229922]
[3500.00000000 50.00000000 40.00000000 0.06858862]
