[6500.00000000 250.00000000 40.00000000 0.24910169]
[6500.00000000 230.00000000 40.00000000 0.24910169]
[6500.00000000 210.00000000 40.00000000 0.31077495]
[6500.00000000 190.00000000 40.00000000 0.31077495]
[6500.00000000 170.00000000 40.00000000 0.33998612]
[6500.00000000 150.00000000 40.00000000 0.37478720]
[6500.00000000 130.00000000 40.00000000 0.39712149]
[6500.00000000 110.00000000 40.00000000 0.39712149]
[6500.00000000 90.00000000 40.00000000 0.43717929]
[6500.00000000 70.00000000 40.00000000 0.43717929]
[6500.00000000 50.00000000 40.00000000 0.43298497]
[6200.00000000 250.00000000 40.00000000 0.26049372]
[6200.00000000 230.00000000 40.00000000 0.26049372]
[6200.00000000 210.00000000 40.00000000 0.32243932]
[6200.00000000 190.00000000 40.00000000 0.35137677]
[6200.00000000 170.00000000 40.00000000 0.35137677]
[6200.00000000 150.00000000 40.00000000 0.38746439]
[6200.00000000 130.00000000 40.00000000 0.40822610]
[6200.00000000 110.00000000 40.00000000 0.40822610]
[6200.00000000 90.00000000 40.00000000 0.44743258]
[6200.00000000 70.00000000 40.00000000 0.44475577]
[6200.00000000 50.00000000 40.00000000 0.43810016]
[5900.00000000 250.00000000 40.00000000 0.26647818]
[5900.00000000 230.00000000 40.00000000 0.26647818]
[5900.00000000 210.00000000 40.00000000 0.32917857]
[5900.00000000 190.00000000 40.00000000 0.35687826]
[5900.00000000 170.00000000 40.00000000 0.39300124]
[5900.00000000 150.00000000 40.00000000 0.39300124]
[5900.00000000 130.00000000 40.00000000 0.41391601]
[5900.00000000 110.00000000 40.00000000 0.41391601]
[5900.00000000 90.00000000 40.00000000 0.45037544]
[5900.00000000 70.00000000 40.00000000 0.44711787]
[5900.00000000 50.00000000 40.00000000 0.43826099]
[5600.00000000 250.00000000 40.00000000 0.27293378]
[5600.00000000 230.00000000 40.00000000 0.27293378]
[5600.00000000 210.00000000 40.00000000 0.33632249]
[5600.00000000 190.00000000 40.00000000 0.36467567]
[5600.00000000 170.00000000 40.00000000 0.40291262]
[5600.00000000 150.00000000 40.00000000 0.40291262]
[5600.00000000 130.00000000 40.00000000 0.42208235]
[5600.00000000 110.00000000 40.00000000 0.42208235]
[5600.00000000 90.00000000 40.00000000 0.45877824]
[5600.00000000 70.00000000 40.00000000 0.45458471]
[5600.00000000 50.00000000 40.00000000 0.43789907]
[5300.00000000 250.00000000 40.00000000 0.27471963]
[5300.00000000 230.00000000 40.00000000 0.27471963]
[5300.00000000 210.00000000 40.00000000 0.34116573]
[5300.00000000 190.00000000 40.00000000 0.36818401]
[5300.00000000 170.00000000 40.00000000 0.40522517]
[5300.00000000 150.00000000 40.00000000 0.40522517]
[5300.00000000 130.00000000 40.00000000 0.42361060]
[5300.00000000 110.00000000 40.00000000 0.41847984]
[5300.00000000 90.00000000 40.00000000 0.45412271]
[5300.00000000 70.00000000 40.00000000 0.45415808]
[5300.00000000 50.00000000 40.00000000 0.42734269]
[5000.00000000 250.00000000 40.00000000 0.28085071]
[5000.00000000 230.00000000 40.00000000 0.37183581]
[5000.00000000 210.00000000 40.00000000 0.37183581]
[5000.00000000 190.00000000 40.00000000 0.37183581]
[5000.00000000 170.00000000 40.00000000 0.40856622]
[5000.00000000 150.00000000 40.00000000 0.40856622]
[5000.00000000 130.00000000 40.00000000 0.42677824]
[5000.00000000 110.00000000 40.00000000 0.42119261]
[5000.00000000 90.00000000 40.00000000 0.44710971]
[5000.00000000 70.00000000 40.00000000 0.43134188]
[5000.00000000 50.00000000 40.00000000 0.41054067]
[4700.00000000 250.00000000 40.00000000 0.40235208]
[4700.00000000 230.00000000 40.00000000 0.42308238]
[4700.00000000 210.00000000 40.00000000 0.42308238]
[4700.00000000 190.00000000 40.00000000 0.43763228]
[4700.00000000 170.00000000 40.00000000 0.43763228]
[4700.00000000 150.00000000 40.00000000 0.43763228]
[4700.00000000 130.00000000 40.00000000 0.43628537]
[4700.00000000 110.00000000 40.00000000 0.44447866]
[4700.00000000 90.00000000 40.00000000 0.44129876]
[4700.00000000 70.00000000 40.00000000 0.42048269]
[4700.00000000 50.00000000 40.00000000 0.39662994]
[4400.00000000 250.00000000 40.00000000 0.41007747]
[4400.00000000 230.00000000 40.00000000 0.42847549]
[4400.00000000 210.00000000 40.00000000 0.42847549]
[4400.00000000 190.00000000 40.00000000 0.44055448]
[4400.00000000 170.00000000 40.00000000 0.44055448]
[4400.00000000 150.00000000 40.00000000 0.43581499]
[4400.00000000 130.00000000 40.00000000 0.42779970]
[4400.00000000 110.00000000 40.00000000 0.43514916]
[4400.00000000 90.00000000 40.00000000 0.42588425]
[4400.00000000 70.00000000 40.00000000 0.40606984]
[4400.00000000 50.00000000 40.00000000 0.36053249]
[4100.00000000 250.00000000 40.00000000 0.43504570]
[4100.00000000 230.00000000 40.00000000 0.44921828]
[4100.00000000 210.00000000 40.00000000 0.44921828]
[4100.00000000 190.00000000 40.00000000 0.44921828]
[4100.00000000 170.00000000 40.00000000 0.44921828]
[4100.00000000 150.00000000 40.00000000 0.44367629]
[4100.00000000 130.00000000 40.00000000 0.43468609]
[4100.00000000 110.00000000 40.00000000 0.42460803]
[4100.00000000 90.00000000 40.00000000 0.40089239]
[4100.00000000 70.00000000 40.00000000 0.38494963]
[4100.00000000 50.00000000 40.00000000 0.33177808]
[3800.00000000 250.00000000 40.00000000 0.42943305]
[3800.00000000 230.00000000 40.00000000 0.44099128]
[3800.00000000 210.00000000 40.00000000 0.44099128]
[3800.00000000 190.00000000 40.00000000 0.44099128]
[3800.00000000 170.00000000 40.00000000 0.43663843]
[3800.00000000 150.00000000 40.00000000 0.43663843]
[3800.00000000 130.00000000 40.00000000 0.42713241]
[3800.00000000 110.00000000 40.00000000 0.41580557]
[3800.00000000 90.00000000 40.00000000 0.38006572]
[3800.00000000 70.00000000 40.00000000 0.35933123]
[3800.00000000 50.00000000 40.00000000 0.30880570]
[3500.00000000 250.00000000 40.00000000 0.41061468]
[3500.00000000 230.00000000 40.00000000 0.41995909]
[3500.00000000 210.00000000 40.00000000 0.41995909]
[3500.00000000 190.00000000 40.00000000 0.41254480]
[3500.00000000 170.00000000 40.00000000 0.41254480]
[3500.00000000 150.00000000 40.00000000 0.41254480]
[3500.00000000 130.00000000 40.00000000 0.38990515]
[3500.00000000 110.00000000 40.00000000 0.38352656]
[3500.00000000 90.00000000 40.00000000 0.33977698]
[3500.00000000 70.00000000 40.00000000 0.31299264]
[3500.00000000 50.00000000 40.00000000 0.26739453]
