[6500.00000000 250.00000000 40.00000000 2.61972222]
[6500.00000000 230.00000000 40.00000000 2.61972222]
[6500.00000000 210.00000000 40.00000000 2.75277778]
[6500.00000000 190.00000000 40.00000000 2.49350862]
[6500.00000000 170.00000000 40.00000000 3.28343244]
[6500.00000000 150.00000000 40.00000000 2.87217728]
[6500.00000000 130.00000000 40.00000000 2.94391997]
[6500.00000000 110.00000000 40.00000000 2.80624896]
[6500.00000000 90.00000000 40.00000000 2.64616756]
[6500.00000000 70.00000000 40.00000000 2.27253104]
[6500.00000000 50.00000000 40.00000000 1.82013687]
[6200.00000000 250.00000000 40.00000000 2.41832612]
[6200.00000000 230.00000000 40.00000000 2.41832612]
[6200.00000000 210.00000000 40.00000000 2.87616366]
[6200.00000000 190.00000000 40.00000000 2.84005255]
[6200.00000000 170.00000000 40.00000000 2.82871586]
[6200.00000000 150.00000000 40.00000000 2.52059621]
[6200.00000000 130.00000000 40.00000000 2.85966734]
[6200.00000000 110.00000000 40.00000000 2.66733277]
[6200.00000000 90.00000000 40.00000000 2.49585640]
[6200.00000000 70.00000000 40.00000000 1.92693993]
[6200.00000000 50.00000000 40.00000000 1.59193080]
[5900.00000000 250.00000000 40.00000000 3.71504800]
[5900.00000000 230.00000000 40.00000000 3.71504800]
[5900.00000000 210.00000000 40.00000000 4.29514652]
[5900.00000000 190.00000000 40.00000000 4.28026557]
[5900.00000000 170.00000000 40.00000000 4.05698514]
[5900.00000000 150.00000000 40.00000000 4.02637686]
[5900.00000000 130.00000000 40.00000000 3.75689935]
[5900.00000000 110.00000000 40.00000000 3.45282078]
[5900.00000000 90.00000000 40.00000000 3.11853818]
[5900.00000000 70.00000000 40.00000000 2.46591271]
[5900.00000000 50.00000000 40.00000000 1.83166217]
[5600.00000000 250.00000000 40.00000000 4.06699134]
[5600.00000000 230.00000000 40.00000000 4.50449134]
[5600.00000000 210.00000000 40.00000000 4.77137681]
[5600.00000000 190.00000000 40.00000000 4.54263264]
[5600.00000000 170.00000000 40.00000000 4.33147408]
[5600.00000000 150.00000000 40.00000000 4.07226545]
[5600.00000000 130.00000000 40.00000000 3.97259250]
[5600.00000000 110.00000000 40.00000000 3.73761072]
[5600.00000000 90.00000000 40.00000000 3.46495562]
[5600.00000000 70.00000000 40.00000000 2.70306304]
[5600.00000000 50.00000000 40.00000000 1.91315035]
[5300.00000000 250.00000000 40.00000000 5.12027417]
[5300.00000000 230.00000000 40.00000000 5.08997114]
[5300.00000000 210.00000000 40.00000000 5.25950812]
[5300.00000000 190.00000000 40.00000000 5.22061966]
[5300.00000000 170.00000000 40.00000000 5.04969104]
[5300.00000000 150.00000000 40.00000000 4.65751378]
[5300.00000000 130.00000000 40.00000000 4.57692243]
[5300.00000000 110.00000000 40.00000000 3.90215837]
[5300.00000000 90.00000000 40.00000000 3.17444675]
[5300.00000000 70.00000000 40.00000000 2.49745153]
[5300.00000000 50.00000000 40.00000000 1.69495574]
[5000.00000000 250.00000000 40.00000000 4.56241830]
[5000.00000000 230.00000000 40.00000000 4.24740338]
[5000.00000000 210.00000000 40.00000000 4.35357559]
[5000.00000000 190.00000000 40.00000000 4.24083446]
[5000.00000000 170.00000000 40.00000000 4.06772439]
[5000.00000000 150.00000000 40.00000000 3.85354788]
[5000.00000000 130.00000000 40.00000000 3.77255793]
[5000.00000000 110.00000000 40.00000000 3.35551001]
[5000.00000000 90.00000000 40.00000000 2.69596616]
[5000.00000000 70.00000000 40.00000000 2.29282886]
[5000.00000000 50.00000000 40.00000000 1.59897157]
[4700.00000000 250.00000000 40.00000000 4.23732157]
[4700.00000000 230.00000000 40.00000000 4.28196443]
[4700.00000000 210.00000000 40.00000000 4.52221940]
[4700.00000000 190.00000000 40.00000000 4.54052262]
[4700.00000000 170.00000000 40.00000000 4.33691838]
[4700.00000000 150.00000000 40.00000000 3.73831219]
[4700.00000000 130.00000000 40.00000000 3.59386576]
[4700.00000000 110.00000000 40.00000000 2.90616206]
[4700.00000000 90.00000000 40.00000000 2.36926781]
[4700.00000000 70.00000000 40.00000000 1.72904640]
[4700.00000000 50.00000000 40.00000000 1.27855876]
[4400.00000000 250.00000000 40.00000000 3.99179717]
[4400.00000000 230.00000000 40.00000000 3.96506578]
[4400.00000000 210.00000000 40.00000000 4.32603821]
[4400.00000000 190.00000000 40.00000000 3.99727582]
[4400.00000000 170.00000000 40.00000000 3.83231821]
[4400.00000000 150.00000000 40.00000000 3.73761971]
[4400.00000000 130.00000000 40.00000000 3.56099800]
[4400.00000000 110.00000000 40.00000000 2.77951950]
[4400.00000000 90.00000000 40.00000000 2.29106180]
[4400.00000000 70.00000000 40.00000000 1.60828271]
[4400.00000000 50.00000000 40.00000000 0.85513788]
[4100.00000000 250.00000000 40.00000000 4.70146947]
[4100.00000000 230.00000000 40.00000000 4.57109801]
[4100.00000000 210.00000000 40.00000000 4.52601429]
[4100.00000000 190.00000000 40.00000000 4.44853148]
[4100.00000000 170.00000000 40.00000000 4.36784122]
[4100.00000000 150.00000000 40.00000000 4.37191079]
[4100.00000000 130.00000000 40.00000000 3.90701876]
[4100.00000000 110.00000000 40.00000000 2.81779169]
[4100.00000000 90.00000000 40.00000000 1.81126412]
[4100.00000000 70.00000000 40.00000000 1.31109563]
[4100.00000000 50.00000000 40.00000000 0.72345990]
[3800.00000000 250.00000000 40.00000000 3.69709885]
[3800.00000000 230.00000000 40.00000000 3.55378170]
[3800.00000000 210.00000000 40.00000000 3.31859492]
[3800.00000000 190.00000000 40.00000000 3.25163512]
[3800.00000000 170.00000000 40.00000000 3.25829157]
[3800.00000000 150.00000000 40.00000000 2.77686601]
[3800.00000000 130.00000000 40.00000000 2.28812415]
[3800.00000000 110.00000000 40.00000000 1.89784165]
[3800.00000000 90.00000000 40.00000000 1.31296058]
[3800.00000000 70.00000000 40.00000000 0.95838408]
[3800.00000000 50.00000000 40.00000000 0.54701222]
[3500.00000000 250.00000000 40.00000000 3.15683901]
[3500.00000000 230.00000000 40.00000000 3.14534919]
[3500.00000000 210.00000000 40.00000000 2.77639245]
[3500.00000000 190.00000000 40.00000000 2.67838734]
[3500.00000000 170.00000000 40.00000000 2.52110684]
[3500.00000000 150.00000000 40.00000000 2.16016014]
[3500.00000000 130.00000000 40.00000000 1.78465234]
[3500.00000000 110.00000000 40.00000000 1.88344675]
[3500.00000000 90.00000000 40.00000000 1.22285719]
[3500.00000000 70.00000000 40.00000000 0.85205375]
[3500.00000000 50.00000000 40.00000000 0.47227780]
