[5435.00000000 221.00000000 40.00000000 5.67904040]
[5435.00000000 220.00000000 40.00000000 5.66026570]
[5435.00000000 219.00000000 40.00000000 5.66026570]
[5432.00000000 221.00000000 40.00000000 5.67904040]
[5432.00000000 220.00000000 40.00000000 5.66026570]
[5432.00000000 219.00000000 40.00000000 5.66026570]
[5429.00000000 221.00000000 40.00000000 5.67904040]
[5429.00000000 220.00000000 40.00000000 5.66026570]
[5429.00000000 219.00000000 40.00000000 5.66026570]
[5426.00000000 221.00000000 40.00000000 5.59410451]
[5426.00000000 220.00000000 40.00000000 5.57532980]
[5426.00000000 219.00000000 40.00000000 5.57532980]
[5423.00000000 221.00000000 40.00000000 5.59410451]
[5423.00000000 220.00000000 40.00000000 5.57532980]
[5423.00000000 219.00000000 40.00000000 5.57532980]
[5420.00000000 221.00000000 40.00000000 5.57487374]
[5420.00000000 220.00000000 40.00000000 5.55609903]
[5420.00000000 219.00000000 40.00000000 5.55609903]
[5417.00000000 221.00000000 40.00000000 5.57487374]
[5417.00000000 220.00000000 40.00000000 5.55609903]
[5417.00000000 219.00000000 40.00000000 5.55609903]
[5414.00000000 221.00000000 40.00000000 5.32305556]
[5414.00000000 220.00000000 40.00000000 5.30844017]
[5414.00000000 219.00000000 40.00000000 5.30844017]
[5411.00000000 221.00000000 40.00000000 5.39502525]
[5411.00000000 220.00000000 40.00000000 5.38040987]
[5411.00000000 219.00000000 40.00000000 5.38040987]
[5408.00000000 221.00000000 40.00000000 5.39502525]
[5408.00000000 220.00000000 40.00000000 5.38040987]
[5408.00000000 219.00000000 40.00000000 5.38040987]
[5405.00000000 221.00000000 40.00000000 5.33252525]
[5405.00000000 220.00000000 40.00000000 5.31790987]
[5405.00000000 219.00000000 40.00000000 5.31790987]
