[5450.00000000 220.00000000 40.00000000 5.17500000]
[5450.00000000 218.00000000 40.00000000 5.17500000]
[5450.00000000 216.00000000 40.00000000 5.12638889]
[5450.00000000 214.00000000 40.00000000 5.12638889]
[5450.00000000 212.00000000 40.00000000 5.12638889]
[5450.00000000 210.00000000 40.00000000 5.12638889]
[5450.00000000 208.00000000 40.00000000 5.12638889]
[5450.00000000 206.00000000 40.00000000 5.05347222]
[5450.00000000 204.00000000 40.00000000 5.05347222]
[5450.00000000 202.00000000 40.00000000 5.05347222]
[5450.00000000 200.00000000 40.00000000 5.06559343]
[5420.00000000 220.00000000 40.00000000 5.55609903]
[5420.00000000 218.00000000 40.00000000 5.55609903]
[5420.00000000 216.00000000 40.00000000 5.47276570]
[5420.00000000 214.00000000 40.00000000 5.47276570]
[5420.00000000 212.00000000 40.00000000 5.47276570]
[5420.00000000 210.00000000 40.00000000 5.47276570]
[5420.00000000 208.00000000 40.00000000 5.47276570]
[5420.00000000 206.00000000 40.00000000 5.41721014]
[5420.00000000 204.00000000 40.00000000 5.41721014]
[5420.00000000 202.00000000 40.00000000 5.41721014]
[5420.00000000 200.00000000 40.00000000 5.33248792]
[5390.00000000 220.00000000 40.00000000 5.24652778]
[5390.00000000 218.00000000 40.00000000 5.24652778]
[5390.00000000 216.00000000 40.00000000 5.16319444]
[5390.00000000 214.00000000 40.00000000 5.16319444]
[5390.00000000 212.00000000 40.00000000 5.16319444]
[5390.00000000 210.00000000 40.00000000 5.16319444]
[5390.00000000 208.00000000 40.00000000 5.16319444]
[5390.00000000 206.00000000 40.00000000 5.12865497]
[5390.00000000 204.00000000 40.00000000 5.12865497]
[5390.00000000 202.00000000 40.00000000 5.12865497]
[5390.00000000 200.00000000 40.00000000 5.06059942]
[5360.00000000 220.00000000 40.00000000 5.08640206]
[5360.00000000 218.00000000 40.00000000 5.08640206]
[5360.00000000 216.00000000 40.00000000 5.00306873]
[5360.00000000 214.00000000 40.00000000 5.00306873]
[5360.00000000 212.00000000 40.00000000 5.00306873]
[5360.00000000 210.00000000 40.00000000 5.00306873]
[5360.00000000 208.00000000 40.00000000 5.00306873]
[5360.00000000 206.00000000 40.00000000 4.96417984]
[5360.00000000 204.00000000 40.00000000 4.96417984]
[5360.00000000 202.00000000 40.00000000 4.96417984]
[5360.00000000 200.00000000 40.00000000 4.89637681]
[5330.00000000 220.00000000 40.00000000 5.12611537]
[5330.00000000 218.00000000 40.00000000 5.12611537]
[5330.00000000 216.00000000 40.00000000 5.04278204]
[5330.00000000 214.00000000 40.00000000 5.04278204]
[5330.00000000 212.00000000 40.00000000 5.04278204]
[5330.00000000 210.00000000 40.00000000 5.04278204]
[5330.00000000 208.00000000 40.00000000 5.04278204]
[5330.00000000 206.00000000 40.00000000 5.06939268]
[5330.00000000 204.00000000 40.00000000 5.06939268]
[5330.00000000 202.00000000 40.00000000 5.06939268]
[5330.00000000 200.00000000 40.00000000 5.00234723]
[5300.00000000 220.00000000 40.00000000 5.34284146]
[5300.00000000 218.00000000 40.00000000 5.34284146]
[5300.00000000 216.00000000 40.00000000 5.25950812]
[5300.00000000 214.00000000 40.00000000 5.25950812]
[5300.00000000 212.00000000 40.00000000 5.25950812]
[5300.00000000 210.00000000 40.00000000 5.25950812]
[5300.00000000 208.00000000 40.00000000 5.25950812]
[5300.00000000 206.00000000 40.00000000 5.21859903]
[5300.00000000 204.00000000 40.00000000 5.21859903]
[5300.00000000 202.00000000 40.00000000 5.15609903]
[5300.00000000 200.00000000 40.00000000 5.15079600]
[5270.00000000 220.00000000 40.00000000 5.04448287]
[5270.00000000 218.00000000 40.00000000 5.04448287]
[5270.00000000 216.00000000 40.00000000 4.90155358]
[5270.00000000 214.00000000 40.00000000 4.90155358]
[5270.00000000 212.00000000 40.00000000 4.90155358]
[5270.00000000 210.00000000 40.00000000 4.90155358]
[5270.00000000 208.00000000 40.00000000 4.87314449]
[5270.00000000 206.00000000 40.00000000 4.87314449]
[5270.00000000 204.00000000 40.00000000 4.84662934]
[5270.00000000 202.00000000 40.00000000 4.84208388]
[5270.00000000 200.00000000 40.00000000 4.84208388]
[5240.00000000 220.00000000 40.00000000 4.93041126]
[5240.00000000 218.00000000 40.00000000 4.93041126]
[5240.00000000 216.00000000 40.00000000 4.69859307]
[5240.00000000 214.00000000 40.00000000 4.69859307]
[5240.00000000 212.00000000 40.00000000 4.69859307]
[5240.00000000 210.00000000 40.00000000 4.69859307]
[5240.00000000 208.00000000 40.00000000 4.68377094]
[5240.00000000 206.00000000 40.00000000 4.68377094]
[5240.00000000 204.00000000 40.00000000 4.47776861]
[5240.00000000 202.00000000 40.00000000 4.57246558]
[5240.00000000 200.00000000 40.00000000 4.57246558]
[5210.00000000 220.00000000 40.00000000 4.84165569]
[5210.00000000 218.00000000 40.00000000 4.84165569]
[5210.00000000 216.00000000 40.00000000 4.60276680]
[5210.00000000 214.00000000 40.00000000 4.60276680]
[5210.00000000 212.00000000 40.00000000 4.60276680]
[5210.00000000 210.00000000 40.00000000 4.60276680]
[5210.00000000 208.00000000 40.00000000 4.58917984]
[5210.00000000 206.00000000 40.00000000 4.58917984]
[5210.00000000 204.00000000 40.00000000 4.37787448]
[5210.00000000 202.00000000 40.00000000 4.47257145]
[5210.00000000 200.00000000 40.00000000 4.47257145]
[5180.00000000 220.00000000 40.00000000 4.58470612]
[5180.00000000 218.00000000 40.00000000 4.58470612]
[5180.00000000 216.00000000 40.00000000 4.43470612]
[5180.00000000 214.00000000 40.00000000 4.43470612]
[5180.00000000 212.00000000 40.00000000 4.43470612]
[5180.00000000 210.00000000 40.00000000 4.43470612]
[5180.00000000 208.00000000 40.00000000 4.42111916]
[5180.00000000 206.00000000 40.00000000 4.42111916]
[5180.00000000 204.00000000 40.00000000 4.25596764]
[5180.00000000 202.00000000 40.00000000 4.34662698]
[5180.00000000 200.00000000 40.00000000 4.34662698]
[5150.00000000 220.00000000 40.00000000 4.48614719]
[5150.00000000 218.00000000 40.00000000 4.48614719]
[5150.00000000 216.00000000 40.00000000 4.36114719]
[5150.00000000 214.00000000 40.00000000 4.36114719]
[5150.00000000 212.00000000 40.00000000 4.36114719]
[5150.00000000 210.00000000 40.00000000 4.36114719]
[5150.00000000 208.00000000 40.00000000 4.34632505]
[5150.00000000 206.00000000 40.00000000 4.34632505]
[5150.00000000 204.00000000 40.00000000 4.12549172]
[5150.00000000 202.00000000 40.00000000 4.21090839]
[5150.00000000 200.00000000 40.00000000 4.21090839]
