[5150.00000000 100.00000000 40.00000000 0.46362419]
[5150.00000000 98.00000000 40.00000000 0.46362419]
[5150.00000000 96.00000000 40.00000000 0.46362419]
[5150.00000000 94.00000000 40.00000000 0.48723997]
[5150.00000000 92.00000000 40.00000000 0.48723997]
[5150.00000000 90.00000000 40.00000000 0.48723997]
[5150.00000000 88.00000000 40.00000000 0.48723997]
[5150.00000000 86.00000000 40.00000000 0.48723997]
[5150.00000000 84.00000000 40.00000000 0.47427200]
[5150.00000000 82.00000000 40.00000000 0.47427200]
[5150.00000000 80.00000000 40.00000000 0.47078326]
[5120.00000000 100.00000000 40.00000000 0.46904921]
[5120.00000000 98.00000000 40.00000000 0.46904921]
[5120.00000000 96.00000000 40.00000000 0.46904921]
[5120.00000000 94.00000000 40.00000000 0.49272727]
[5120.00000000 92.00000000 40.00000000 0.49272727]
[5120.00000000 90.00000000 40.00000000 0.49272727]
[5120.00000000 88.00000000 40.00000000 0.49272727]
[5120.00000000 86.00000000 40.00000000 0.49272727]
[5120.00000000 84.00000000 40.00000000 0.47954616]
[5120.00000000 82.00000000 40.00000000 0.47954616]
[5120.00000000 80.00000000 40.00000000 0.47602810]
[5090.00000000 100.00000000 40.00000000 0.47278383]
[5090.00000000 98.00000000 40.00000000 0.47278383]
[5090.00000000 96.00000000 40.00000000 0.47278383]
[5090.00000000 94.00000000 40.00000000 0.49626627]
[5090.00000000 92.00000000 40.00000000 0.49626627]
[5090.00000000 90.00000000 40.00000000 0.49626627]
[5090.00000000 88.00000000 40.00000000 0.49626627]
[5090.00000000 86.00000000 40.00000000 0.48292328]
[5090.00000000 84.00000000 40.00000000 0.48292328]
[5090.00000000 82.00000000 40.00000000 0.48292328]
[5090.00000000 80.00000000 40.00000000 0.47934055]
[5060.00000000 100.00000000 40.00000000 0.47372506]
[5060.00000000 98.00000000 40.00000000 0.47372506]
[5060.00000000 96.00000000 40.00000000 0.47372506]
[5060.00000000 94.00000000 40.00000000 0.49686070]
[5060.00000000 92.00000000 40.00000000 0.49686070]
[5060.00000000 90.00000000 40.00000000 0.49686070]
[5060.00000000 88.00000000 40.00000000 0.49686070]
[5060.00000000 86.00000000 40.00000000 0.48313328]
[5060.00000000 84.00000000 40.00000000 0.48313328]
[5060.00000000 82.00000000 40.00000000 0.48313328]
[5060.00000000 80.00000000 40.00000000 0.47951114]
[5030.00000000 100.00000000 40.00000000 0.47428382]
[5030.00000000 98.00000000 40.00000000 0.47428382]
[5030.00000000 96.00000000 40.00000000 0.47428382]
[5030.00000000 94.00000000 40.00000000 0.49676598]
[5030.00000000 92.00000000 40.00000000 0.49676598]
[5030.00000000 90.00000000 40.00000000 0.49676598]
[5030.00000000 88.00000000 40.00000000 0.49676598]
[5030.00000000 86.00000000 40.00000000 0.48308930]
[5030.00000000 84.00000000 40.00000000 0.48308930]
[5030.00000000 82.00000000 40.00000000 0.48308930]
[5030.00000000 80.00000000 40.00000000 0.47948009]
[5000.00000000 100.00000000 40.00000000 0.47017621]
[5000.00000000 98.00000000 40.00000000 0.47017621]
[5000.00000000 96.00000000 40.00000000 0.48074441]
[5000.00000000 94.00000000 40.00000000 0.49249816]
[5000.00000000 92.00000000 40.00000000 0.49249816]
[5000.00000000 90.00000000 40.00000000 0.49249816]
[5000.00000000 88.00000000 40.00000000 0.49249816]
[5000.00000000 86.00000000 40.00000000 0.47897959]
[5000.00000000 84.00000000 40.00000000 0.47897959]
[5000.00000000 82.00000000 40.00000000 0.47897959]
[5000.00000000 80.00000000 40.00000000 0.47897959]
[4970.00000000 100.00000000 40.00000000 0.46976136]
[4970.00000000 98.00000000 40.00000000 0.46976136]
[4970.00000000 96.00000000 40.00000000 0.48029135]
[4970.00000000 94.00000000 40.00000000 0.49195570]
[4970.00000000 92.00000000 40.00000000 0.49195570]
[4970.00000000 90.00000000 40.00000000 0.49195570]
[4970.00000000 88.00000000 40.00000000 0.49195570]
[4970.00000000 86.00000000 40.00000000 0.47816816]
[4970.00000000 84.00000000 40.00000000 0.47816816]
[4970.00000000 82.00000000 40.00000000 0.47816816]
[4970.00000000 80.00000000 40.00000000 0.47816816]
[4940.00000000 100.00000000 40.00000000 0.46791069]
[4940.00000000 98.00000000 40.00000000 0.46791069]
[4940.00000000 96.00000000 40.00000000 0.47842222]
[4940.00000000 94.00000000 40.00000000 0.49001759]
[4940.00000000 92.00000000 40.00000000 0.49001759]
[4940.00000000 90.00000000 40.00000000 0.49001759]
[4940.00000000 88.00000000 40.00000000 0.49001759]
[4940.00000000 86.00000000 40.00000000 0.47617612]
[4940.00000000 84.00000000 40.00000000 0.47617612]
[4940.00000000 82.00000000 40.00000000 0.47617612]
[4940.00000000 80.00000000 40.00000000 0.47617612]
[4910.00000000 100.00000000 40.00000000 0.46785830]
[4910.00000000 98.00000000 40.00000000 0.46785830]
[4910.00000000 96.00000000 40.00000000 0.47806786]
[4910.00000000 94.00000000 40.00000000 0.48958548]
[4910.00000000 92.00000000 40.00000000 0.48958548]
[4910.00000000 90.00000000 40.00000000 0.48958548]
[4910.00000000 88.00000000 40.00000000 0.48958548]
[4910.00000000 86.00000000 40.00000000 0.47579918]
[4910.00000000 84.00000000 40.00000000 0.47579918]
[4910.00000000 82.00000000 40.00000000 0.47579918]
[4910.00000000 80.00000000 40.00000000 0.47579918]
[4880.00000000 100.00000000 40.00000000 0.46825653]
[4880.00000000 98.00000000 40.00000000 0.46825653]
[4880.00000000 96.00000000 40.00000000 0.47859553]
[4880.00000000 94.00000000 40.00000000 0.49002263]
[4880.00000000 92.00000000 40.00000000 0.49002263]
[4880.00000000 90.00000000 40.00000000 0.49002263]
[4880.00000000 88.00000000 40.00000000 0.49002263]
[4880.00000000 86.00000000 40.00000000 0.47620952]
[4880.00000000 84.00000000 40.00000000 0.47620952]
[4880.00000000 82.00000000 40.00000000 0.47620952]
[4880.00000000 80.00000000 40.00000000 0.47620952]
[4850.00000000 100.00000000 40.00000000 0.46780932]
[4850.00000000 98.00000000 40.00000000 0.46780932]
[4850.00000000 96.00000000 40.00000000 0.47923457]
[4850.00000000 94.00000000 40.00000000 0.49036293]
[4850.00000000 92.00000000 40.00000000 0.49036293]
[4850.00000000 90.00000000 40.00000000 0.49036293]
[4850.00000000 88.00000000 40.00000000 0.49036293]
[4850.00000000 86.00000000 40.00000000 0.47644188]
[4850.00000000 84.00000000 40.00000000 0.47644188]
[4850.00000000 82.00000000 40.00000000 0.47644188]
[4850.00000000 80.00000000 40.00000000 0.47644188]
