[5075.00000000 95.00000000 40.00000000 0.49659067]
[5075.00000000 94.00000000 40.00000000 0.49659067]
[5075.00000000 93.00000000 40.00000000 0.49659067]
[5072.00000000 95.00000000 40.00000000 0.49648487]
[5072.00000000 94.00000000 40.00000000 0.49648487]
[5072.00000000 93.00000000 40.00000000 0.49648487]
[5069.00000000 95.00000000 40.00000000 0.49648487]
[5069.00000000 94.00000000 40.00000000 0.49648487]
[5069.00000000 93.00000000 40.00000000 0.49648487]
[5066.00000000 95.00000000 40.00000000 0.49659139]
[5066.00000000 94.00000000 40.00000000 0.49659139]
[5066.00000000 93.00000000 40.00000000 0.49659139]
[5063.00000000 95.00000000 40.00000000 0.49664787]
[5063.00000000 94.00000000 40.00000000 0.49664787]
[5063.00000000 93.00000000 40.00000000 0.49664787]
[5060.00000000 95.00000000 40.00000000 0.49686070]
[5060.00000000 94.00000000 40.00000000 0.49686070]
[5060.00000000 93.00000000 40.00000000 0.49686070]
[5057.00000000 95.00000000 40.00000000 0.49686070]
[5057.00000000 94.00000000 40.00000000 0.49686070]
[5057.00000000 93.00000000 40.00000000 0.49686070]
[5054.00000000 95.00000000 40.00000000 0.49670213]
[5054.00000000 94.00000000 40.00000000 0.49670213]
[5054.00000000 93.00000000 40.00000000 0.49670213]
[5051.00000000 95.00000000 40.00000000 0.49686270]
[5051.00000000 94.00000000 40.00000000 0.49686270]
[5051.00000000 93.00000000 40.00000000 0.49686270]
[5048.00000000 95.00000000 40.00000000 0.49638836]
[5048.00000000 94.00000000 40.00000000 0.49638836]
[5048.00000000 93.00000000 40.00000000 0.49638836]
[5045.00000000 95.00000000 40.00000000 0.49670773]
[5045.00000000 94.00000000 40.00000000 0.49670773]
[5045.00000000 93.00000000 40.00000000 0.49670773]
