[4895.00000000 151.00000000 40.00000000 0.42322520]
[4895.00000000 150.00000000 40.00000000 0.44068889]
[4895.00000000 149.00000000 40.00000000 0.44068889]
[4892.00000000 151.00000000 40.00000000 0.42318541]
[4892.00000000 150.00000000 40.00000000 0.44064831]
[4892.00000000 149.00000000 40.00000000 0.44064831]
[4889.00000000 151.00000000 40.00000000 0.42306608]
[4889.00000000 150.00000000 40.00000000 0.44052661]
[4889.00000000 149.00000000 40.00000000 0.44052661]
[4886.00000000 151.00000000 40.00000000 0.42322872]
[4886.00000000 150.00000000 40.00000000 0.44068109]
[4886.00000000 149.00000000 40.00000000 0.44068109]
[4883.00000000 151.00000000 40.00000000 0.42295051]
[4883.00000000 150.00000000 40.00000000 0.44039735]
[4883.00000000 149.00000000 40.00000000 0.44039735]
[4880.00000000 151.00000000 40.00000000 0.42297944]
[4880.00000000 150.00000000 40.00000000 0.44051122]
[4880.00000000 149.00000000 40.00000000 0.44051122]
[4877.00000000 151.00000000 40.00000000 0.44054402]
[4877.00000000 150.00000000 40.00000000 0.44054402]
[4877.00000000 149.00000000 40.00000000 0.44054402]
[4874.00000000 151.00000000 40.00000000 0.43511797]
[4874.00000000 150.00000000 40.00000000 0.43511797]
[4874.00000000 149.00000000 40.00000000 0.43511797]
[4871.00000000 151.00000000 40.00000000 0.43512974]
[4871.00000000 150.00000000 40.00000000 0.43512974]
[4871.00000000 149.00000000 40.00000000 0.43512974]
[4868.00000000 151.00000000 40.00000000 0.43514151]
[4868.00000000 150.00000000 40.00000000 0.43514151]
[4868.00000000 149.00000000 40.00000000 0.43514151]
[4865.00000000 151.00000000 40.00000000 0.43515327]
[4865.00000000 150.00000000 40.00000000 0.43515327]
[4865.00000000 149.00000000 40.00000000 0.43515327]
