[5765.00000000 141.00000000 40.00000000 0.15732656]
[5765.00000000 140.00000000 40.00000000 0.15732656]
[5765.00000000 139.00000000 40.00000000 0.15732656]
[5762.00000000 141.00000000 40.00000000 0.15730159]
[5762.00000000 140.00000000 40.00000000 0.15730159]
[5762.00000000 139.00000000 40.00000000 0.15730159]
[5759.00000000 141.00000000 40.00000000 0.15759403]
[5759.00000000 140.00000000 40.00000000 0.15759403]
[5759.00000000 139.00000000 40.00000000 0.15759403]
[5756.00000000 141.00000000 40.00000000 0.15754403]
[5756.00000000 140.00000000 40.00000000 0.15754403]
[5756.00000000 139.00000000 40.00000000 0.15754403]
[5753.00000000 141.00000000 40.00000000 0.15754403]
[5753.00000000 140.00000000 40.00000000 0.15754403]
[5753.00000000 139.00000000 40.00000000 0.15754403]
[5750.00000000 141.00000000 40.00000000 0.15754403]
[5750.00000000 140.00000000 40.00000000 0.15754403]
[5750.00000000 139.00000000 40.00000000 0.15754403]
[5747.00000000 141.00000000 40.00000000 0.15751904]
[5747.00000000 140.00000000 40.00000000 0.15751904]
[5747.00000000 139.00000000 40.00000000 0.15751904]
[5744.00000000 141.00000000 40.00000000 0.15810339]
[5744.00000000 140.00000000 40.00000000 0.15810339]
[5744.00000000 139.00000000 40.00000000 0.15810339]
[5741.00000000 141.00000000 40.00000000 0.15792808]
[5741.00000000 140.00000000 40.00000000 0.15792808]
[5741.00000000 139.00000000 40.00000000 0.15792808]
[5738.00000000 141.00000000 40.00000000 0.15790307]
[5738.00000000 140.00000000 40.00000000 0.15790307]
[5738.00000000 139.00000000 40.00000000 0.15790307]
[5735.00000000 141.00000000 40.00000000 0.15790307]
[5735.00000000 140.00000000 40.00000000 0.15790307]
[5735.00000000 139.00000000 40.00000000 0.15790307]
