[6500.00000000 250.00000000 40.00000000 1.53328262]
[6500.00000000 230.00000000 40.00000000 1.53328262]
[6500.00000000 210.00000000 40.00000000 1.77972199]
[6500.00000000 190.00000000 40.00000000 2.07769701]
[6500.00000000 170.00000000 40.00000000 2.27453291]
[6500.00000000 150.00000000 40.00000000 2.41206138]
[6500.00000000 130.00000000 40.00000000 2.72920331]
[6500.00000000 110.00000000 40.00000000 2.85789217]
[6500.00000000 90.00000000 40.00000000 2.96914564]
[6500.00000000 70.00000000 40.00000000 3.06711920]
[6500.00000000 50.00000000 40.00000000 3.01953566]
[6200.00000000 250.00000000 40.00000000 1.58914279]
[6200.00000000 230.00000000 40.00000000 1.64737573]
[6200.00000000 210.00000000 40.00000000 2.08445448]
[6200.00000000 190.00000000 40.00000000 2.27448437]
[6200.00000000 170.00000000 40.00000000 2.44631331]
[6200.00000000 150.00000000 40.00000000 2.59216250]
[6200.00000000 130.00000000 40.00000000 2.93084669]
[6200.00000000 110.00000000 40.00000000 2.96584873]
[6200.00000000 90.00000000 40.00000000 3.06047873]
[6200.00000000 70.00000000 40.00000000 3.12037855]
[6200.00000000 50.00000000 40.00000000 3.04371356]
[5900.00000000 250.00000000 40.00000000 1.87576943]
[5900.00000000 230.00000000 40.00000000 1.93757166]
[5900.00000000 210.00000000 40.00000000 2.28936914]
[5900.00000000 190.00000000 40.00000000 2.57097963]
[5900.00000000 170.00000000 40.00000000 2.75279970]
[5900.00000000 150.00000000 40.00000000 2.80723862]
[5900.00000000 130.00000000 40.00000000 3.09204207]
[5900.00000000 110.00000000 40.00000000 3.10127444]
[5900.00000000 90.00000000 40.00000000 3.16759045]
[5900.00000000 70.00000000 40.00000000 3.13908271]
[5900.00000000 50.00000000 40.00000000 3.05065880]
[5600.00000000 250.00000000 40.00000000 2.09750807]
[5600.00000000 230.00000000 40.00000000 2.25750339]
[5600.00000000 210.00000000 40.00000000 2.63010878]
[5600.00000000 190.00000000 40.00000000 2.82710829]
[5600.00000000 170.00000000 40.00000000 2.82898998]
[5600.00000000 150.00000000 40.00000000 3.00837253]
[5600.00000000 130.00000000 40.00000000 3.16274699]
[5600.00000000 110.00000000 40.00000000 3.16174324]
[5600.00000000 90.00000000 40.00000000 3.28607524]
[5600.00000000 70.00000000 40.00000000 3.15213686]
[5600.00000000 50.00000000 40.00000000 3.01450960]
[5300.00000000 250.00000000 40.00000000 2.51833108]
[5300.00000000 230.00000000 40.00000000 2.63836281]
[5300.00000000 210.00000000 40.00000000 2.85921362]
[5300.00000000 190.00000000 40.00000000 3.02715271]
[5300.00000000 170.00000000 40.00000000 3.02073479]
[5300.00000000 150.00000000 40.00000000 3.20819342]
[5300.00000000 130.00000000 40.00000000 3.27509983]
[5300.00000000 110.00000000 40.00000000 3.30376779]
[5300.00000000 90.00000000 40.00000000 3.34673187]
[5300.00000000 70.00000000 40.00000000 3.16139203]
[5300.00000000 50.00000000 40.00000000 2.96860208]
[5000.00000000 250.00000000 40.00000000 2.65420622]
[5000.00000000 230.00000000 40.00000000 2.79533826]
[5000.00000000 210.00000000 40.00000000 2.94410098]
[5000.00000000 190.00000000 40.00000000 3.09086798]
[5000.00000000 170.00000000 40.00000000 3.09826591]
[5000.00000000 150.00000000 40.00000000 3.30201593]
[5000.00000000 130.00000000 40.00000000 3.28530357]
[5000.00000000 110.00000000 40.00000000 3.28959177]
[5000.00000000 90.00000000 40.00000000 3.32480823]
[5000.00000000 70.00000000 40.00000000 3.07417705]
[5000.00000000 50.00000000 40.00000000 2.84461236]
[4700.00000000 250.00000000 40.00000000 2.84819307]
[4700.00000000 230.00000000 40.00000000 2.92086464]
[4700.00000000 210.00000000 40.00000000 3.07725732]
[4700.00000000 190.00000000 40.00000000 3.23997715]
[4700.00000000 170.00000000 40.00000000 3.25230996]
[4700.00000000 150.00000000 40.00000000 3.36712830]
[4700.00000000 130.00000000 40.00000000 3.33313359]
[4700.00000000 110.00000000 40.00000000 3.30574847]
[4700.00000000 90.00000000 40.00000000 3.26014500]
[4700.00000000 70.00000000 40.00000000 2.98593879]
[4700.00000000 50.00000000 40.00000000 2.73097233]
[4400.00000000 250.00000000 40.00000000 2.82293612]
[4400.00000000 230.00000000 40.00000000 2.81066066]
[4400.00000000 210.00000000 40.00000000 2.94126745]
[4400.00000000 190.00000000 40.00000000 3.14454502]
[4400.00000000 170.00000000 40.00000000 3.18794548]
[4400.00000000 150.00000000 40.00000000 3.28356648]
[4400.00000000 130.00000000 40.00000000 3.23741068]
[4400.00000000 110.00000000 40.00000000 3.21713553]
[4400.00000000 90.00000000 40.00000000 3.09826615]
[4400.00000000 70.00000000 40.00000000 2.82875507]
[4400.00000000 50.00000000 40.00000000 2.49146724]
[4100.00000000 250.00000000 40.00000000 2.79642537]
[4100.00000000 230.00000000 40.00000000 2.86812693]
[4100.00000000 210.00000000 40.00000000 2.96122369]
[4100.00000000 190.00000000 40.00000000 3.01997473]
[4100.00000000 170.00000000 40.00000000 3.10454585]
[4100.00000000 150.00000000 40.00000000 3.12088028]
[4100.00000000 130.00000000 40.00000000 3.09757626]
[4100.00000000 110.00000000 40.00000000 3.03469837]
[4100.00000000 90.00000000 40.00000000 2.81314308]
[4100.00000000 70.00000000 40.00000000 2.60097810]
[4100.00000000 50.00000000 40.00000000 2.24151354]
[3800.00000000 250.00000000 40.00000000 2.92441767]
[3800.00000000 230.00000000 40.00000000 2.96248859]
[3800.00000000 210.00000000 40.00000000 2.95034677]
[3800.00000000 190.00000000 40.00000000 2.94200518]
[3800.00000000 170.00000000 40.00000000 2.96553612]
[3800.00000000 150.00000000 40.00000000 2.93070874]
[3800.00000000 130.00000000 40.00000000 2.93510201]
[3800.00000000 110.00000000 40.00000000 2.81133144]
[3800.00000000 90.00000000 40.00000000 2.54708240]
[3800.00000000 70.00000000 40.00000000 2.33060456]
[3800.00000000 50.00000000 40.00000000 1.98645998]
[3500.00000000 250.00000000 40.00000000 2.72178293]
[3500.00000000 230.00000000 40.00000000 2.75489885]
[3500.00000000 210.00000000 40.00000000 2.74586358]
[3500.00000000 190.00000000 40.00000000 2.68245227]
[3500.00000000 170.00000000 40.00000000 2.68067518]
[3500.00000000 150.00000000 40.00000000 2.65192794]
[3500.00000000 130.00000000 40.00000000 2.60102524]
[3500.00000000 110.00000000 40.00000000 2.46319759]
[3500.00000000 90.00000000 40.00000000 2.23643916]
[3500.00000000 70.00000000 40.00000000 2.02935020]
[3500.00000000 50.00000000 40.00000000 1.70555442]
