[4850.00000000 160.00000000 40.00000000 3.22838872]
[4850.00000000 158.00000000 40.00000000 3.22838872]
[4850.00000000 156.00000000 40.00000000 3.22035654]
[4850.00000000 154.00000000 40.00000000 3.22035654]
[4850.00000000 152.00000000 40.00000000 3.28873564]
[4850.00000000 150.00000000 40.00000000 3.31566296]
[4850.00000000 148.00000000 40.00000000 3.31230459]
[4850.00000000 146.00000000 40.00000000 3.31230459]
[4850.00000000 144.00000000 40.00000000 3.30758574]
[4850.00000000 142.00000000 40.00000000 3.30758574]
[4850.00000000 140.00000000 40.00000000 3.30758574]
[4820.00000000 160.00000000 40.00000000 3.22834561]
[4820.00000000 158.00000000 40.00000000 3.22834561]
[4820.00000000 156.00000000 40.00000000 3.22033155]
[4820.00000000 154.00000000 40.00000000 3.22033155]
[4820.00000000 152.00000000 40.00000000 3.28832491]
[4820.00000000 150.00000000 40.00000000 3.31513574]
[4820.00000000 148.00000000 40.00000000 3.30486435]
[4820.00000000 146.00000000 40.00000000 3.30486435]
[4820.00000000 144.00000000 40.00000000 3.30053274]
[4820.00000000 142.00000000 40.00000000 3.30053274]
[4820.00000000 140.00000000 40.00000000 3.30053274]
[4790.00000000 160.00000000 40.00000000 3.28759681]
[4790.00000000 158.00000000 40.00000000 3.28759681]
[4790.00000000 156.00000000 40.00000000 3.27959328]
[4790.00000000 154.00000000 40.00000000 3.27959328]
[4790.00000000 152.00000000 40.00000000 3.37408514]
[4790.00000000 150.00000000 40.00000000 3.37408514]
[4790.00000000 148.00000000 40.00000000 3.36394587]
[4790.00000000 146.00000000 40.00000000 3.35453774]
[4790.00000000 144.00000000 40.00000000 3.35029630]
[4790.00000000 142.00000000 40.00000000 3.35029630]
[4790.00000000 140.00000000 40.00000000 3.35029630]
[4760.00000000 160.00000000 40.00000000 3.30302245]
[4760.00000000 158.00000000 40.00000000 3.30302245]
[4760.00000000 156.00000000 40.00000000 3.29483381]
[4760.00000000 154.00000000 40.00000000 3.34562804]
[4760.00000000 152.00000000 40.00000000 3.38919881]
[4760.00000000 150.00000000 40.00000000 3.38919881]
[4760.00000000 148.00000000 40.00000000 3.37874632]
[4760.00000000 146.00000000 40.00000000 3.36921066]
[4760.00000000 144.00000000 40.00000000 3.36501203]
[4760.00000000 142.00000000 40.00000000 3.36501203]
[4760.00000000 140.00000000 40.00000000 3.36501203]
[4730.00000000 160.00000000 40.00000000 3.32589211]
[4730.00000000 158.00000000 40.00000000 3.32589211]
[4730.00000000 156.00000000 40.00000000 3.31772529]
[4730.00000000 154.00000000 40.00000000 3.36793676]
[4730.00000000 152.00000000 40.00000000 3.38471279]
[4730.00000000 150.00000000 40.00000000 3.38471279]
[4730.00000000 148.00000000 40.00000000 3.37407750]
[4730.00000000 146.00000000 40.00000000 3.36451277]
[4730.00000000 144.00000000 40.00000000 3.36029119]
[4730.00000000 142.00000000 40.00000000 3.36029119]
[4730.00000000 140.00000000 40.00000000 3.36029119]
[4700.00000000 160.00000000 40.00000000 3.32096796]
[4700.00000000 158.00000000 40.00000000 3.30864057]
[4700.00000000 156.00000000 40.00000000 3.30063136]
[4700.00000000 154.00000000 40.00000000 3.35050383]
[4700.00000000 152.00000000 40.00000000 3.36712830]
[4700.00000000 150.00000000 40.00000000 3.36712830]
[4700.00000000 148.00000000 40.00000000 3.35479775]
[4700.00000000 146.00000000 40.00000000 3.34505853]
[4700.00000000 144.00000000 40.00000000 3.34092539]
[4700.00000000 142.00000000 40.00000000 3.34092539]
[4700.00000000 140.00000000 40.00000000 3.33238514]
[4670.00000000 160.00000000 40.00000000 3.31089239]
[4670.00000000 158.00000000 40.00000000 3.30846754]
[4670.00000000 156.00000000 40.00000000 3.30042870]
[4670.00000000 154.00000000 40.00000000 3.34994598]
[4670.00000000 152.00000000 40.00000000 3.36600058]
[4670.00000000 150.00000000 40.00000000 3.35779398]
[4670.00000000 148.00000000 40.00000000 3.34397441]
[4670.00000000 146.00000000 40.00000000 3.33354209]
[4670.00000000 144.00000000 40.00000000 3.32942937]
[4670.00000000 142.00000000 40.00000000 3.32942937]
[4670.00000000 140.00000000 40.00000000 3.30914320]
[4640.00000000 160.00000000 40.00000000 3.31131443]
[4640.00000000 158.00000000 40.00000000 3.30619593]
[4640.00000000 156.00000000 40.00000000 3.30095529]
[4640.00000000 154.00000000 40.00000000 3.35029029]
[4640.00000000 152.00000000 40.00000000 3.36624448]
[4640.00000000 150.00000000 40.00000000 3.35821297]
[4640.00000000 148.00000000 40.00000000 3.34436578]
[4640.00000000 146.00000000 40.00000000 3.33385106]
[4640.00000000 144.00000000 40.00000000 3.32983196]
[4640.00000000 142.00000000 40.00000000 3.32983196]
[4640.00000000 140.00000000 40.00000000 3.30945090]
[4610.00000000 160.00000000 40.00000000 3.31295651]
[4610.00000000 158.00000000 40.00000000 3.31036500]
[4610.00000000 156.00000000 40.00000000 3.30485892]
[4610.00000000 154.00000000 40.00000000 3.35396733]
[4610.00000000 152.00000000 40.00000000 3.36989070]
[4610.00000000 150.00000000 40.00000000 3.36188069]
[4610.00000000 148.00000000 40.00000000 3.34802424]
[4610.00000000 146.00000000 40.00000000 3.33761112]
[4610.00000000 144.00000000 40.00000000 3.33364020]
[4610.00000000 142.00000000 40.00000000 3.33364020]
[4610.00000000 140.00000000 40.00000000 3.30475871]
[4580.00000000 160.00000000 40.00000000 3.30536556]
[4580.00000000 158.00000000 40.00000000 3.30280351]
[4580.00000000 156.00000000 40.00000000 3.29452482]
[4580.00000000 154.00000000 40.00000000 3.34332020]
[4580.00000000 152.00000000 40.00000000 3.35916474]
[4580.00000000 150.00000000 40.00000000 3.35151320]
[4580.00000000 148.00000000 40.00000000 3.33706941]
[4580.00000000 146.00000000 40.00000000 3.33706941]
[4580.00000000 144.00000000 40.00000000 3.33327996]
[4580.00000000 142.00000000 40.00000000 3.33327996]
[4580.00000000 140.00000000 40.00000000 3.30189288]
[4550.00000000 160.00000000 40.00000000 3.30081165]
[4550.00000000 158.00000000 40.00000000 3.29827713]
[4550.00000000 156.00000000 40.00000000 3.29001055]
[4550.00000000 154.00000000 40.00000000 3.33862906]
[4550.00000000 152.00000000 40.00000000 3.35468429]
[4550.00000000 150.00000000 40.00000000 3.34708565]
[4550.00000000 148.00000000 40.00000000 3.33279320]
[4550.00000000 146.00000000 40.00000000 3.33089910]
[4550.00000000 144.00000000 40.00000000 3.32716650]
[4550.00000000 142.00000000 40.00000000 3.32716650]
[4550.00000000 140.00000000 40.00000000 3.28882913]
