[4655.00000000 261.00000000 40.00000000 0.65412416]
[4655.00000000 260.00000000 40.00000000 0.65412416]
[4655.00000000 259.00000000 40.00000000 0.65412416]
[4652.00000000 261.00000000 40.00000000 0.65460833]
[4652.00000000 260.00000000 40.00000000 0.65460833]
[4652.00000000 259.00000000 40.00000000 0.65460833]
[4649.00000000 261.00000000 40.00000000 0.65462028]
[4649.00000000 260.00000000 40.00000000 0.65462028]
[4649.00000000 259.00000000 40.00000000 0.65462028]
[4646.00000000 261.00000000 40.00000000 0.65458820]
[4646.00000000 260.00000000 40.00000000 0.65458820]
[4646.00000000 259.00000000 40.00000000 0.65458820]
[4643.00000000 261.00000000 40.00000000 0.65460265]
[4643.00000000 260.00000000 40.00000000 0.65460265]
[4643.00000000 259.00000000 40.00000000 0.65460265]
[4640.00000000 261.00000000 40.00000000 0.65463971]
[4640.00000000 260.00000000 40.00000000 0.65463971]
[4640.00000000 259.00000000 40.00000000 0.65463971]
[4637.00000000 261.00000000 40.00000000 0.65454922]
[4637.00000000 260.00000000 40.00000000 0.65454922]
[4637.00000000 259.00000000 40.00000000 0.65454922]
[4634.00000000 261.00000000 40.00000000 0.65450399]
[4634.00000000 260.00000000 40.00000000 0.65450399]
[4634.00000000 259.00000000 40.00000000 0.65450399]
[4631.00000000 261.00000000 40.00000000 0.65460890]
[4631.00000000 260.00000000 40.00000000 0.65460890]
[4631.00000000 259.00000000 40.00000000 0.65460890]
[4628.00000000 261.00000000 40.00000000 0.65455299]
[4628.00000000 260.00000000 40.00000000 0.65455299]
[4628.00000000 259.00000000 40.00000000 0.65455299]
[4625.00000000 261.00000000 40.00000000 0.65460197]
[4625.00000000 260.00000000 40.00000000 0.65460197]
[4625.00000000 259.00000000 40.00000000 0.65460197]
