[6500.00000000 250.00000000 40.00000000 0.23676308]
[6500.00000000 230.00000000 40.00000000 0.23676308]
[6500.00000000 210.00000000 40.00000000 0.25954672]
[6500.00000000 190.00000000 40.00000000 0.25954672]
[6500.00000000 170.00000000 40.00000000 0.27853526]
[6500.00000000 150.00000000 40.00000000 0.27853526]
[6500.00000000 130.00000000 40.00000000 0.28625141]
[6500.00000000 110.00000000 40.00000000 0.28625141]
[6500.00000000 90.00000000 40.00000000 0.25811778]
[6500.00000000 70.00000000 40.00000000 0.25359452]
[6500.00000000 50.00000000 40.00000000 0.18973230]
[6200.00000000 250.00000000 40.00000000 0.24924623]
[6200.00000000 230.00000000 40.00000000 0.24924623]
[6200.00000000 210.00000000 40.00000000 0.24454148]
[6200.00000000 190.00000000 40.00000000 0.24454148]
[6200.00000000 170.00000000 40.00000000 0.26314546]
[6200.00000000 150.00000000 40.00000000 0.26314546]
[6200.00000000 130.00000000 40.00000000 0.27026412]
[6200.00000000 110.00000000 40.00000000 0.25151484]
[6200.00000000 90.00000000 40.00000000 0.21074345]
[6200.00000000 70.00000000 40.00000000 0.20243004]
[6200.00000000 50.00000000 40.00000000 0.14807356]
[5900.00000000 250.00000000 40.00000000 0.25178646]
[5900.00000000 230.00000000 40.00000000 0.25178646]
[5900.00000000 210.00000000 40.00000000 0.24389251]
[5900.00000000 190.00000000 40.00000000 0.24389251]
[5900.00000000 170.00000000 40.00000000 0.26146010]
[5900.00000000 150.00000000 40.00000000 0.26146010]
[5900.00000000 130.00000000 40.00000000 0.26818380]
[5900.00000000 110.00000000 40.00000000 0.25041802]
[5900.00000000 90.00000000 40.00000000 0.19032329]
[5900.00000000 70.00000000 40.00000000 0.16184612]
[5900.00000000 50.00000000 40.00000000 0.12582015]
[5600.00000000 250.00000000 40.00000000 0.25932911]
[5600.00000000 230.00000000 40.00000000 0.25932911]
[5600.00000000 210.00000000 40.00000000 0.28107220]
[5600.00000000 190.00000000 40.00000000 0.28107220]
[5600.00000000 170.00000000 40.00000000 0.21621861]
[5600.00000000 150.00000000 40.00000000 0.21621861]
[5600.00000000 130.00000000 40.00000000 0.21083800]
[5600.00000000 110.00000000 40.00000000 0.19476395]
[5600.00000000 90.00000000 40.00000000 0.16946031]
[5600.00000000 70.00000000 40.00000000 0.13638868]
[5600.00000000 50.00000000 40.00000000 0.10859712]
[5300.00000000 250.00000000 40.00000000 0.26150026]
[5300.00000000 230.00000000 40.00000000 0.26150026]
[5300.00000000 210.00000000 40.00000000 0.28141010]
[5300.00000000 190.00000000 40.00000000 0.28828519]
[5300.00000000 170.00000000 40.00000000 0.21820499]
[5300.00000000 150.00000000 40.00000000 0.21975900]
[5300.00000000 130.00000000 40.00000000 0.20630892]
[5300.00000000 110.00000000 40.00000000 0.17728126]
[5300.00000000 90.00000000 40.00000000 0.14479356]
[5300.00000000 70.00000000 40.00000000 0.12240816]
[5300.00000000 50.00000000 40.00000000 0.09539513]
[5000.00000000 250.00000000 40.00000000 0.28882023]
[5000.00000000 230.00000000 40.00000000 0.27636045]
[5000.00000000 210.00000000 40.00000000 0.23756396]
[5000.00000000 190.00000000 40.00000000 0.23756396]
[5000.00000000 170.00000000 40.00000000 0.19064707]
[5000.00000000 150.00000000 40.00000000 0.18791717]
[5000.00000000 130.00000000 40.00000000 0.14909700]
[5000.00000000 110.00000000 40.00000000 0.14072112]
[5000.00000000 90.00000000 40.00000000 0.12564367]
[5000.00000000 70.00000000 40.00000000 0.09592033]
[5000.00000000 50.00000000 40.00000000 0.08098955]
[4700.00000000 250.00000000 40.00000000 0.22582426]
[4700.00000000 230.00000000 40.00000000 0.21826637]
[4700.00000000 210.00000000 40.00000000 0.23608944]
[4700.00000000 190.00000000 40.00000000 0.23608944]
[4700.00000000 170.00000000 40.00000000 0.18100859]
[4700.00000000 150.00000000 40.00000000 0.17833965]
[4700.00000000 130.00000000 40.00000000 0.13177581]
[4700.00000000 110.00000000 40.00000000 0.12060672]
[4700.00000000 90.00000000 40.00000000 0.11082254]
[4700.00000000 70.00000000 40.00000000 0.08520016]
[4700.00000000 50.00000000 40.00000000 0.07250342]
[4400.00000000 250.00000000 40.00000000 0.16175504]
[4400.00000000 230.00000000 40.00000000 0.14643847]
[4400.00000000 210.00000000 40.00000000 0.14643847]
[4400.00000000 190.00000000 40.00000000 0.15340151]
[4400.00000000 170.00000000 40.00000000 0.15567248]
[4400.00000000 150.00000000 40.00000000 0.14500972]
[4400.00000000 130.00000000 40.00000000 0.11452335]
[4400.00000000 110.00000000 40.00000000 0.10401232]
[4400.00000000 90.00000000 40.00000000 0.08964197]
[4400.00000000 70.00000000 40.00000000 0.07045867]
[4400.00000000 50.00000000 40.00000000 0.06183092]
[4100.00000000 250.00000000 40.00000000 0.13321830]
[4100.00000000 230.00000000 40.00000000 0.12538915]
[4100.00000000 210.00000000 40.00000000 0.11865372]
[4100.00000000 190.00000000 40.00000000 0.11865372]
[4100.00000000 170.00000000 40.00000000 0.12095926]
[4100.00000000 150.00000000 40.00000000 0.11474337]
[4100.00000000 130.00000000 40.00000000 0.09791512]
[4100.00000000 110.00000000 40.00000000 0.09044017]
[4100.00000000 90.00000000 40.00000000 0.07368380]
[4100.00000000 70.00000000 40.00000000 0.06184975]
[4100.00000000 50.00000000 40.00000000 0.05491620]
[3800.00000000 250.00000000 40.00000000 0.08616444]
[3800.00000000 230.00000000 40.00000000 0.09365658]
[3800.00000000 210.00000000 40.00000000 0.09874792]
[3800.00000000 190.00000000 40.00000000 0.09810830]
[3800.00000000 170.00000000 40.00000000 0.09933147]
[3800.00000000 150.00000000 40.00000000 0.09905552]
[3800.00000000 130.00000000 40.00000000 0.08387403]
[3800.00000000 110.00000000 40.00000000 0.07426990]
[3800.00000000 90.00000000 40.00000000 0.06190241]
[3800.00000000 70.00000000 40.00000000 0.05281016]
[3800.00000000 50.00000000 40.00000000 0.04737814]
[3500.00000000 250.00000000 40.00000000 0.08478907]
[3500.00000000 230.00000000 40.00000000 0.08478907]
[3500.00000000 210.00000000 40.00000000 0.08478907]
[3500.00000000 190.00000000 40.00000000 0.08423241]
[3500.00000000 170.00000000 40.00000000 0.08316049]
[3500.00000000 150.00000000 40.00000000 0.08148012]
[3500.00000000 130.00000000 40.00000000 0.06977641]
[3500.00000000 110.00000000 40.00000000 0.05983819]
[3500.00000000 90.00000000 40.00000000 0.04943963]
[3500.00000000 70.00000000 40.00000000 0.04455967]
[3500.00000000 50.00000000 40.00000000 0.04109949]
