[4865.00000000 261.00000000 40.00000000 0.30050208]
[4865.00000000 260.00000000 40.00000000 0.30050208]
[4865.00000000 259.00000000 40.00000000 0.30050208]
[4862.00000000 261.00000000 40.00000000 0.30050208]
[4862.00000000 260.00000000 40.00000000 0.30050208]
[4862.00000000 259.00000000 40.00000000 0.30050208]
[4859.00000000 261.00000000 40.00000000 0.30060891]
[4859.00000000 260.00000000 40.00000000 0.30060891]
[4859.00000000 259.00000000 40.00000000 0.30060891]
[4856.00000000 261.00000000 40.00000000 0.30048051]
[4856.00000000 260.00000000 40.00000000 0.30048051]
[4856.00000000 259.00000000 40.00000000 0.30048051]
[4853.00000000 261.00000000 40.00000000 0.30044843]
[4853.00000000 260.00000000 40.00000000 0.30044843]
[4853.00000000 259.00000000 40.00000000 0.30044843]
[4850.00000000 261.00000000 40.00000000 0.30010661]
[4850.00000000 260.00000000 40.00000000 0.30010661]
[4850.00000000 259.00000000 40.00000000 0.30010661]
[4847.00000000 261.00000000 40.00000000 0.30011723]
[4847.00000000 260.00000000 40.00000000 0.30011723]
[4847.00000000 259.00000000 40.00000000 0.30011723]
[4844.00000000 261.00000000 40.00000000 0.30040494]
[4844.00000000 260.00000000 40.00000000 0.30040494]
[4844.00000000 259.00000000 40.00000000 0.30040494]
[4841.00000000 261.00000000 40.00000000 0.30011711]
[4841.00000000 260.00000000 40.00000000 0.30011711]
[4841.00000000 259.00000000 40.00000000 0.30011711]
[4838.00000000 261.00000000 40.00000000 0.30002129]
[4838.00000000 260.00000000 40.00000000 0.30002129]
[4838.00000000 259.00000000 40.00000000 0.30002129]
[4835.00000000 261.00000000 40.00000000 0.29982982]
[4835.00000000 260.00000000 40.00000000 0.29982982]
[4835.00000000 259.00000000 40.00000000 0.29982982]
