[4775.00000000 153.00000000 40.00000000 3.32957076]
[4775.00000000 152.00000000 40.00000000 3.37316404]
[4775.00000000 151.00000000 40.00000000 3.37316404]
[4772.00000000 153.00000000 40.00000000 3.32724038]
[4772.00000000 152.00000000 40.00000000 3.37082369]
[4772.00000000 151.00000000 40.00000000 3.37082369]
[4769.00000000 153.00000000 40.00000000 3.32867799]
[4769.00000000 152.00000000 40.00000000 3.37221704]
[4769.00000000 151.00000000 40.00000000 3.37221704]
[4766.00000000 153.00000000 40.00000000 3.33061182]
[4766.00000000 152.00000000 40.00000000 3.37419482]
[4766.00000000 151.00000000 40.00000000 3.37419482]
[4763.00000000 153.00000000 40.00000000 3.34595684]
[4763.00000000 152.00000000 40.00000000 3.38953257]
[4763.00000000 151.00000000 40.00000000 3.38953257]
[4760.00000000 153.00000000 40.00000000 3.34562804]
[4760.00000000 152.00000000 40.00000000 3.38919881]
[4760.00000000 151.00000000 40.00000000 3.38919881]
[4757.00000000 153.00000000 40.00000000 3.34690199]
[4757.00000000 152.00000000 40.00000000 3.39070122]
[4757.00000000 151.00000000 40.00000000 3.39070122]
[4754.00000000 153.00000000 40.00000000 3.34778619]
[4754.00000000 152.00000000 40.00000000 3.39151431]
[4754.00000000 151.00000000 40.00000000 3.39151431]
[4751.00000000 153.00000000 40.00000000 3.37265668]
[4751.00000000 152.00000000 40.00000000 3.38957228]
[4751.00000000 151.00000000 40.00000000 3.38957228]
[4748.00000000 153.00000000 40.00000000 3.37507169]
[4748.00000000 152.00000000 40.00000000 3.39194248]
[4748.00000000 151.00000000 40.00000000 3.39194248]
[4745.00000000 153.00000000 40.00000000 3.37431351]
[4745.00000000 152.00000000 40.00000000 3.39116923]
[4745.00000000 151.00000000 40.00000000 3.39116923]
