[6500.00000000 250.00000000 40.00000000 0.00000000]
[6500.00000000 230.00000000 40.00000000 0.00000000]
[6500.00000000 210.00000000 40.00000000 0.07457887]
[6500.00000000 190.00000000 40.00000000 0.07457887]
[6500.00000000 170.00000000 40.00000000 0.12915239]
[6500.00000000 150.00000000 40.00000000 0.12915239]
[6500.00000000 130.00000000 40.00000000 0.25845208]
[6500.00000000 110.00000000 40.00000000 0.33854235]
[6500.00000000 90.00000000 40.00000000 0.40168152]
[6500.00000000 70.00000000 40.00000000 0.42392523]
[6500.00000000 50.00000000 40.00000000 0.43272682]
[6200.00000000 250.00000000 40.00000000 0.00000000]
[6200.00000000 230.00000000 40.00000000 0.00000000]
[6200.00000000 210.00000000 40.00000000 0.14736997]
[6200.00000000 190.00000000 40.00000000 0.14736997]
[6200.00000000 170.00000000 40.00000000 0.20335847]
[6200.00000000 150.00000000 40.00000000 0.20335847]
[6200.00000000 130.00000000 40.00000000 0.33155863]
[6200.00000000 110.00000000 40.00000000 0.40660436]
[6200.00000000 90.00000000 40.00000000 0.42402051]
[6200.00000000 70.00000000 40.00000000 0.43924457]
[6200.00000000 50.00000000 40.00000000 0.43924457]
[5900.00000000 250.00000000 40.00000000 0.11612903]
[5900.00000000 230.00000000 40.00000000 0.11612903]
[5900.00000000 210.00000000 40.00000000 0.19050327]
[5900.00000000 190.00000000 40.00000000 0.24695247]
[5900.00000000 170.00000000 40.00000000 0.24695247]
[5900.00000000 150.00000000 40.00000000 0.24695247]
[5900.00000000 130.00000000 40.00000000 0.37648411]
[5900.00000000 110.00000000 40.00000000 0.42317994]
[5900.00000000 90.00000000 40.00000000 0.43874881]
[5900.00000000 70.00000000 40.00000000 0.45620101]
[5900.00000000 50.00000000 40.00000000 0.45478571]
[5600.00000000 250.00000000 40.00000000 0.12185546]
[5600.00000000 230.00000000 40.00000000 0.12185546]
[5600.00000000 210.00000000 40.00000000 0.20227560]
[5600.00000000 190.00000000 40.00000000 0.26181818]
[5600.00000000 170.00000000 40.00000000 0.26181818]
[5600.00000000 150.00000000 40.00000000 0.31869295]
[5600.00000000 130.00000000 40.00000000 0.39225968]
[5600.00000000 110.00000000 40.00000000 0.43804206]
[5600.00000000 90.00000000 40.00000000 0.45832860]
[5600.00000000 70.00000000 40.00000000 0.46217468]
[5600.00000000 50.00000000 40.00000000 0.45974111]
[5300.00000000 250.00000000 40.00000000 0.12831221]
[5300.00000000 230.00000000 40.00000000 0.12831221]
[5300.00000000 210.00000000 40.00000000 0.27113897]
[5300.00000000 190.00000000 40.00000000 0.32697929]
[5300.00000000 170.00000000 40.00000000 0.32697929]
[5300.00000000 150.00000000 40.00000000 0.38221334]
[5300.00000000 130.00000000 40.00000000 0.41968599]
[5300.00000000 110.00000000 40.00000000 0.46413405]
[5300.00000000 90.00000000 40.00000000 0.48287559]
[5300.00000000 70.00000000 40.00000000 0.46757788]
[5300.00000000 50.00000000 40.00000000 0.46204586]
[5000.00000000 250.00000000 40.00000000 0.13351344]
[5000.00000000 230.00000000 40.00000000 0.13351344]
[5000.00000000 210.00000000 40.00000000 0.28414299]
[5000.00000000 190.00000000 40.00000000 0.38484594]
[5000.00000000 170.00000000 40.00000000 0.38484594]
[5000.00000000 150.00000000 40.00000000 0.43666784]
[5000.00000000 130.00000000 40.00000000 0.43666784]
[5000.00000000 110.00000000 40.00000000 0.47017621]
[5000.00000000 90.00000000 40.00000000 0.49249816]
[5000.00000000 70.00000000 40.00000000 0.46237195]
[5000.00000000 50.00000000 40.00000000 0.44892884]
[4700.00000000 250.00000000 40.00000000 0.13597773]
[4700.00000000 230.00000000 40.00000000 0.13597773]
[4700.00000000 210.00000000 40.00000000 0.28430380]
[4700.00000000 190.00000000 40.00000000 0.37914855]
[4700.00000000 170.00000000 40.00000000 0.37914855]
[4700.00000000 150.00000000 40.00000000 0.42902102]
[4700.00000000 130.00000000 40.00000000 0.42902102]
[4700.00000000 110.00000000 40.00000000 0.46155449]
[4700.00000000 90.00000000 40.00000000 0.48341138]
[4700.00000000 70.00000000 40.00000000 0.45181116]
[4700.00000000 50.00000000 40.00000000 0.42837226]
[4400.00000000 250.00000000 40.00000000 0.14489408]
[4400.00000000 230.00000000 40.00000000 0.14489408]
[4400.00000000 210.00000000 40.00000000 0.29162066]
[4400.00000000 190.00000000 40.00000000 0.38082731]
[4400.00000000 170.00000000 40.00000000 0.38082731]
[4400.00000000 150.00000000 40.00000000 0.42901599]
[4400.00000000 130.00000000 40.00000000 0.42901599]
[4400.00000000 110.00000000 40.00000000 0.46928079]
[4400.00000000 90.00000000 40.00000000 0.46434464]
[4400.00000000 70.00000000 40.00000000 0.43698784]
[4400.00000000 50.00000000 40.00000000 0.39086490]
[4100.00000000 250.00000000 40.00000000 0.20747344]
[4100.00000000 230.00000000 40.00000000 0.27283157]
[4100.00000000 210.00000000 40.00000000 0.33913901]
[4100.00000000 190.00000000 40.00000000 0.37958716]
[4100.00000000 170.00000000 40.00000000 0.37958716]
[4100.00000000 150.00000000 40.00000000 0.40765326]
[4100.00000000 130.00000000 40.00000000 0.40765326]
[4100.00000000 110.00000000 40.00000000 0.44625177]
[4100.00000000 90.00000000 40.00000000 0.42989666]
[4100.00000000 70.00000000 40.00000000 0.40417719]
[4100.00000000 50.00000000 40.00000000 0.34809251]
[3800.00000000 250.00000000 40.00000000 0.39647047]
[3800.00000000 230.00000000 40.00000000 0.43863786]
[3800.00000000 210.00000000 40.00000000 0.43863786]
[3800.00000000 190.00000000 40.00000000 0.43863786]
[3800.00000000 170.00000000 40.00000000 0.43863786]
[3800.00000000 150.00000000 40.00000000 0.43061616]
[3800.00000000 130.00000000 40.00000000 0.43974576]
[3800.00000000 110.00000000 40.00000000 0.42937526]
[3800.00000000 90.00000000 40.00000000 0.39791957]
[3800.00000000 70.00000000 40.00000000 0.36213333]
[3800.00000000 50.00000000 40.00000000 0.29547281]
[3500.00000000 250.00000000 40.00000000 0.39686181]
[3500.00000000 230.00000000 40.00000000 0.43653946]
[3500.00000000 210.00000000 40.00000000 0.43653946]
[3500.00000000 190.00000000 40.00000000 0.43653946]
[3500.00000000 170.00000000 40.00000000 0.43653946]
[3500.00000000 150.00000000 40.00000000 0.42425204]
[3500.00000000 130.00000000 40.00000000 0.39535572]
[3500.00000000 110.00000000 40.00000000 0.37637285]
[3500.00000000 90.00000000 40.00000000 0.34823207]
[3500.00000000 70.00000000 40.00000000 0.31446399]
[3500.00000000 50.00000000 40.00000000 0.23253913]
