[6050.00000000 140.00000000 40.00000000 0.13659498]
[6050.00000000 138.00000000 40.00000000 0.13659498]
[6050.00000000 136.00000000 40.00000000 0.13659498]
[6050.00000000 134.00000000 40.00000000 0.13659498]
[6050.00000000 132.00000000 40.00000000 0.12483121]
[6050.00000000 130.00000000 40.00000000 0.12483121]
[6050.00000000 128.00000000 40.00000000 0.12483121]
[6050.00000000 126.00000000 40.00000000 0.12483121]
[6050.00000000 124.00000000 40.00000000 0.12483121]
[6050.00000000 122.00000000 40.00000000 0.12483121]
[6050.00000000 120.00000000 40.00000000 0.10642108]
[6020.00000000 140.00000000 40.00000000 0.13753066]
[6020.00000000 138.00000000 40.00000000 0.13753066]
[6020.00000000 136.00000000 40.00000000 0.13753066]
[6020.00000000 134.00000000 40.00000000 0.13753066]
[6020.00000000 132.00000000 40.00000000 0.12563490]
[6020.00000000 130.00000000 40.00000000 0.12563490]
[6020.00000000 128.00000000 40.00000000 0.12563490]
[6020.00000000 126.00000000 40.00000000 0.12563490]
[6020.00000000 124.00000000 40.00000000 0.12563490]
[6020.00000000 122.00000000 40.00000000 0.12563490]
[6020.00000000 120.00000000 40.00000000 0.10703831]
[5990.00000000 140.00000000 40.00000000 0.13847659]
[5990.00000000 138.00000000 40.00000000 0.13847659]
[5990.00000000 136.00000000 40.00000000 0.13847659]
[5990.00000000 134.00000000 40.00000000 0.13847659]
[5990.00000000 132.00000000 40.00000000 0.12632049]
[5990.00000000 130.00000000 40.00000000 0.12632049]
[5990.00000000 128.00000000 40.00000000 0.12632049]
[5990.00000000 126.00000000 40.00000000 0.12632049]
[5990.00000000 124.00000000 40.00000000 0.12632049]
[5990.00000000 122.00000000 40.00000000 0.12632049]
[5990.00000000 120.00000000 40.00000000 0.10763185]
[5960.00000000 140.00000000 40.00000000 0.15289525]
[5960.00000000 138.00000000 40.00000000 0.15289525]
[5960.00000000 136.00000000 40.00000000 0.15289525]
[5960.00000000 134.00000000 40.00000000 0.15289525]
[5960.00000000 132.00000000 40.00000000 0.13944519]
[5960.00000000 130.00000000 40.00000000 0.13944519]
[5960.00000000 128.00000000 40.00000000 0.13944519]
[5960.00000000 126.00000000 40.00000000 0.13944519]
[5960.00000000 124.00000000 40.00000000 0.13944519]
[5960.00000000 122.00000000 40.00000000 0.13944519]
[5960.00000000 120.00000000 40.00000000 0.11820926]
[5930.00000000 140.00000000 40.00000000 0.15469434]
[5930.00000000 138.00000000 40.00000000 0.15469434]
[5930.00000000 136.00000000 40.00000000 0.15469434]
[5930.00000000 134.00000000 40.00000000 0.14095745]
[5930.00000000 132.00000000 40.00000000 0.14095745]
[5930.00000000 130.00000000 40.00000000 0.14095745]
[5930.00000000 128.00000000 40.00000000 0.14095745]
[5930.00000000 126.00000000 40.00000000 0.14095745]
[5930.00000000 124.00000000 40.00000000 0.14095745]
[5930.00000000 122.00000000 40.00000000 0.14095745]
[5930.00000000 120.00000000 40.00000000 0.11945905]
[5900.00000000 140.00000000 40.00000000 0.15398259]
[5900.00000000 138.00000000 40.00000000 0.15398259]
[5900.00000000 136.00000000 40.00000000 0.15398259]
[5900.00000000 134.00000000 40.00000000 0.14027615]
[5900.00000000 132.00000000 40.00000000 0.14027615]
[5900.00000000 130.00000000 40.00000000 0.14027615]
[5900.00000000 128.00000000 40.00000000 0.14027615]
[5900.00000000 126.00000000 40.00000000 0.14027615]
[5900.00000000 124.00000000 40.00000000 0.14027615]
[5900.00000000 122.00000000 40.00000000 0.14027615]
[5900.00000000 120.00000000 40.00000000 0.11892902]
[5870.00000000 140.00000000 40.00000000 0.15467395]
[5870.00000000 138.00000000 40.00000000 0.15467395]
[5870.00000000 136.00000000 40.00000000 0.15467395]
[5870.00000000 134.00000000 40.00000000 0.14070719]
[5870.00000000 132.00000000 40.00000000 0.14070719]
[5870.00000000 130.00000000 40.00000000 0.14070719]
[5870.00000000 128.00000000 40.00000000 0.14070719]
[5870.00000000 126.00000000 40.00000000 0.14070719]
[5870.00000000 124.00000000 40.00000000 0.14070719]
[5870.00000000 122.00000000 40.00000000 0.11934564]
[5870.00000000 120.00000000 40.00000000 0.11934564]
[5840.00000000 140.00000000 40.00000000 0.15561960]
[5840.00000000 138.00000000 40.00000000 0.15561960]
[5840.00000000 136.00000000 40.00000000 0.15561960]
[5840.00000000 134.00000000 40.00000000 0.14150531]
[5840.00000000 132.00000000 40.00000000 0.14150531]
[5840.00000000 130.00000000 40.00000000 0.14150531]
[5840.00000000 128.00000000 40.00000000 0.14150531]
[5840.00000000 126.00000000 40.00000000 0.14150531]
[5840.00000000 124.00000000 40.00000000 0.14150531]
[5840.00000000 122.00000000 40.00000000 0.11994077]
[5840.00000000 120.00000000 40.00000000 0.11994077]
[5810.00000000 140.00000000 40.00000000 0.15555556]
[5810.00000000 138.00000000 40.00000000 0.15555556]
[5810.00000000 136.00000000 40.00000000 0.15555556]
[5810.00000000 134.00000000 40.00000000 0.14138332]
[5810.00000000 132.00000000 40.00000000 0.14138332]
[5810.00000000 130.00000000 40.00000000 0.14138332]
[5810.00000000 128.00000000 40.00000000 0.14138332]
[5810.00000000 126.00000000 40.00000000 0.14138332]
[5810.00000000 124.00000000 40.00000000 0.14138332]
[5810.00000000 122.00000000 40.00000000 0.11979808]
[5810.00000000 120.00000000 40.00000000 0.11979808]
[5780.00000000 140.00000000 40.00000000 0.15662843]
[5780.00000000 138.00000000 40.00000000 0.15662843]
[5780.00000000 136.00000000 40.00000000 0.15662843]
[5780.00000000 134.00000000 40.00000000 0.14227819]
[5780.00000000 132.00000000 40.00000000 0.14227819]
[5780.00000000 130.00000000 40.00000000 0.14227819]
[5780.00000000 128.00000000 40.00000000 0.14227819]
[5780.00000000 126.00000000 40.00000000 0.14227819]
[5780.00000000 124.00000000 40.00000000 0.14227819]
[5780.00000000 122.00000000 40.00000000 0.12053955]
[5780.00000000 120.00000000 40.00000000 0.12053955]
[5750.00000000 140.00000000 40.00000000 0.15754403]
[5750.00000000 138.00000000 40.00000000 0.15754403]
[5750.00000000 136.00000000 40.00000000 0.15754403]
[5750.00000000 134.00000000 40.00000000 0.14283659]
[5750.00000000 132.00000000 40.00000000 0.14283659]
[5750.00000000 130.00000000 40.00000000 0.14283659]
[5750.00000000 128.00000000 40.00000000 0.14283659]
[5750.00000000 126.00000000 40.00000000 0.14283659]
[5750.00000000 124.00000000 40.00000000 0.14283659]
[5750.00000000 122.00000000 40.00000000 0.12092060]
[5750.00000000 120.00000000 40.00000000 0.12092060]
