[5150.00000000 260.00000000 40.00000000 0.25984655]
[5150.00000000 258.00000000 40.00000000 0.25984655]
[5150.00000000 256.00000000 40.00000000 0.25984655]
[5150.00000000 254.00000000 40.00000000 0.25984655]
[5150.00000000 252.00000000 40.00000000 0.25984655]
[5150.00000000 250.00000000 40.00000000 0.25984655]
[5150.00000000 248.00000000 40.00000000 0.25984655]
[5150.00000000 246.00000000 40.00000000 0.25984655]
[5150.00000000 244.00000000 40.00000000 0.25984655]
[5150.00000000 242.00000000 40.00000000 0.25984655]
[5150.00000000 240.00000000 40.00000000 0.25984655]
[5120.00000000 260.00000000 40.00000000 0.29164728]
[5120.00000000 258.00000000 40.00000000 0.29164728]
[5120.00000000 256.00000000 40.00000000 0.29164728]
[5120.00000000 254.00000000 40.00000000 0.29164728]
[5120.00000000 252.00000000 40.00000000 0.29164728]
[5120.00000000 250.00000000 40.00000000 0.29164728]
[5120.00000000 248.00000000 40.00000000 0.29164728]
[5120.00000000 246.00000000 40.00000000 0.29164728]
[5120.00000000 244.00000000 40.00000000 0.29164728]
[5120.00000000 242.00000000 40.00000000 0.29164728]
[5120.00000000 240.00000000 40.00000000 0.29164728]
[5090.00000000 260.00000000 40.00000000 0.29128015]
[5090.00000000 258.00000000 40.00000000 0.29128015]
[5090.00000000 256.00000000 40.00000000 0.29128015]
[5090.00000000 254.00000000 40.00000000 0.29128015]
[5090.00000000 252.00000000 40.00000000 0.29128015]
[5090.00000000 250.00000000 40.00000000 0.29128015]
[5090.00000000 248.00000000 40.00000000 0.29128015]
[5090.00000000 246.00000000 40.00000000 0.29128015]
[5090.00000000 244.00000000 40.00000000 0.29128015]
[5090.00000000 242.00000000 40.00000000 0.29128015]
[5090.00000000 240.00000000 40.00000000 0.29128015]
[5060.00000000 260.00000000 40.00000000 0.29030023]
[5060.00000000 258.00000000 40.00000000 0.29030023]
[5060.00000000 256.00000000 40.00000000 0.29030023]
[5060.00000000 254.00000000 40.00000000 0.29030023]
[5060.00000000 252.00000000 40.00000000 0.29030023]
[5060.00000000 250.00000000 40.00000000 0.29030023]
[5060.00000000 248.00000000 40.00000000 0.29030023]
[5060.00000000 246.00000000 40.00000000 0.29030023]
[5060.00000000 244.00000000 40.00000000 0.29030023]
[5060.00000000 242.00000000 40.00000000 0.29030023]
[5060.00000000 240.00000000 40.00000000 0.29030023]
[5030.00000000 260.00000000 40.00000000 0.29082103]
[5030.00000000 258.00000000 40.00000000 0.29082103]
[5030.00000000 256.00000000 40.00000000 0.29082103]
[5030.00000000 254.00000000 40.00000000 0.29082103]
[5030.00000000 252.00000000 40.00000000 0.29082103]
[5030.00000000 250.00000000 40.00000000 0.29082103]
[5030.00000000 248.00000000 40.00000000 0.29082103]
[5030.00000000 246.00000000 40.00000000 0.29082103]
[5030.00000000 244.00000000 40.00000000 0.29082103]
[5030.00000000 242.00000000 40.00000000 0.29082103]
[5030.00000000 240.00000000 40.00000000 0.29082103]
[5000.00000000 260.00000000 40.00000000 0.28882023]
[5000.00000000 258.00000000 40.00000000 0.28882023]
[5000.00000000 256.00000000 40.00000000 0.28882023]
[5000.00000000 254.00000000 40.00000000 0.28882023]
[5000.00000000 252.00000000 40.00000000 0.28882023]
[5000.00000000 250.00000000 40.00000000 0.28882023]
[5000.00000000 248.00000000 40.00000000 0.28882023]
[5000.00000000 246.00000000 40.00000000 0.28882023]
[5000.00000000 244.00000000 40.00000000 0.28882023]
[5000.00000000 242.00000000 40.00000000 0.28882023]
[5000.00000000 240.00000000 40.00000000 0.28882023]
[4970.00000000 260.00000000 40.00000000 0.28777715]
[4970.00000000 258.00000000 40.00000000 0.28777715]
[4970.00000000 256.00000000 40.00000000 0.28777715]
[4970.00000000 254.00000000 40.00000000 0.28777715]
[4970.00000000 252.00000000 40.00000000 0.28777715]
[4970.00000000 250.00000000 40.00000000 0.28777715]
[4970.00000000 248.00000000 40.00000000 0.28777715]
[4970.00000000 246.00000000 40.00000000 0.28777715]
[4970.00000000 244.00000000 40.00000000 0.28777715]
[4970.00000000 242.00000000 40.00000000 0.28777715]
[4970.00000000 240.00000000 40.00000000 0.28777715]
[4940.00000000 260.00000000 40.00000000 0.28950351]
[4940.00000000 258.00000000 40.00000000 0.28950351]
[4940.00000000 256.00000000 40.00000000 0.28950351]
[4940.00000000 254.00000000 40.00000000 0.28950351]
[4940.00000000 252.00000000 40.00000000 0.28950351]
[4940.00000000 250.00000000 40.00000000 0.28950351]
[4940.00000000 248.00000000 40.00000000 0.28950351]
[4940.00000000 246.00000000 40.00000000 0.28950351]
[4940.00000000 244.00000000 40.00000000 0.28950351]
[4940.00000000 242.00000000 40.00000000 0.28950351]
[4940.00000000 240.00000000 40.00000000 0.28950351]
[4910.00000000 260.00000000 40.00000000 0.28918248]
[4910.00000000 258.00000000 40.00000000 0.28918248]
[4910.00000000 256.00000000 40.00000000 0.28918248]
[4910.00000000 254.00000000 40.00000000 0.28918248]
[4910.00000000 252.00000000 40.00000000 0.28918248]
[4910.00000000 250.00000000 40.00000000 0.28918248]
[4910.00000000 248.00000000 40.00000000 0.28918248]
[4910.00000000 246.00000000 40.00000000 0.28918248]
[4910.00000000 244.00000000 40.00000000 0.28918248]
[4910.00000000 242.00000000 40.00000000 0.28918248]
[4910.00000000 240.00000000 40.00000000 0.28918248]
[4880.00000000 260.00000000 40.00000000 0.28928411]
[4880.00000000 258.00000000 40.00000000 0.28928411]
[4880.00000000 256.00000000 40.00000000 0.28928411]
[4880.00000000 254.00000000 40.00000000 0.28928411]
[4880.00000000 252.00000000 40.00000000 0.28928411]
[4880.00000000 250.00000000 40.00000000 0.28928411]
[4880.00000000 248.00000000 40.00000000 0.28928411]
[4880.00000000 246.00000000 40.00000000 0.28928411]
[4880.00000000 244.00000000 40.00000000 0.28928411]
[4880.00000000 242.00000000 40.00000000 0.28928411]
[4880.00000000 240.00000000 40.00000000 0.28928411]
[4850.00000000 260.00000000 40.00000000 0.30010661]
[4850.00000000 258.00000000 40.00000000 0.30010661]
[4850.00000000 256.00000000 40.00000000 0.30010661]
[4850.00000000 254.00000000 40.00000000 0.30010661]
[4850.00000000 252.00000000 40.00000000 0.30010661]
[4850.00000000 250.00000000 40.00000000 0.22988975]
[4850.00000000 248.00000000 40.00000000 0.22988975]
[4850.00000000 246.00000000 40.00000000 0.22988975]
[4850.00000000 244.00000000 40.00000000 0.22988975]
[4850.00000000 242.00000000 40.00000000 0.22988975]
[4850.00000000 240.00000000 40.00000000 0.22988975]
