[4850.00000000 260.00000000 40.00000000 0.59256068]
[4850.00000000 258.00000000 40.00000000 0.59256068]
[4850.00000000 256.00000000 40.00000000 0.59256068]
[4850.00000000 254.00000000 40.00000000 0.59256068]
[4850.00000000 252.00000000 40.00000000 0.59256068]
[4850.00000000 250.00000000 40.00000000 0.59256068]
[4850.00000000 248.00000000 40.00000000 0.59256068]
[4850.00000000 246.00000000 40.00000000 0.59256068]
[4850.00000000 244.00000000 40.00000000 0.59256068]
[4850.00000000 242.00000000 40.00000000 0.59256068]
[4850.00000000 240.00000000 40.00000000 0.59256068]
[4820.00000000 260.00000000 40.00000000 0.59278523]
[4820.00000000 258.00000000 40.00000000 0.59278523]
[4820.00000000 256.00000000 40.00000000 0.59278523]
[4820.00000000 254.00000000 40.00000000 0.59278523]
[4820.00000000 252.00000000 40.00000000 0.59278523]
[4820.00000000 250.00000000 40.00000000 0.59278523]
[4820.00000000 248.00000000 40.00000000 0.59278523]
[4820.00000000 246.00000000 40.00000000 0.59278523]
[4820.00000000 244.00000000 40.00000000 0.59278523]
[4820.00000000 242.00000000 40.00000000 0.59278523]
[4820.00000000 240.00000000 40.00000000 0.59278523]
[4790.00000000 260.00000000 40.00000000 0.59322760]
[4790.00000000 258.00000000 40.00000000 0.59322760]
[4790.00000000 256.00000000 40.00000000 0.59322760]
[4790.00000000 254.00000000 40.00000000 0.59322760]
[4790.00000000 252.00000000 40.00000000 0.59322760]
[4790.00000000 250.00000000 40.00000000 0.59322760]
[4790.00000000 248.00000000 40.00000000 0.59322760]
[4790.00000000 246.00000000 40.00000000 0.59322760]
[4790.00000000 244.00000000 40.00000000 0.59322760]
[4790.00000000 242.00000000 40.00000000 0.59322760]
[4790.00000000 240.00000000 40.00000000 0.59322760]
[4760.00000000 260.00000000 40.00000000 0.59345461]
[4760.00000000 258.00000000 40.00000000 0.59345461]
[4760.00000000 256.00000000 40.00000000 0.59345461]
[4760.00000000 254.00000000 40.00000000 0.59345461]
[4760.00000000 252.00000000 40.00000000 0.59345461]
[4760.00000000 250.00000000 40.00000000 0.59345461]
[4760.00000000 248.00000000 40.00000000 0.59345461]
[4760.00000000 246.00000000 40.00000000 0.59345461]
[4760.00000000 244.00000000 40.00000000 0.59345461]
[4760.00000000 242.00000000 40.00000000 0.59345461]
[4760.00000000 240.00000000 40.00000000 0.59345461]
[4730.00000000 260.00000000 40.00000000 0.59255234]
[4730.00000000 258.00000000 40.00000000 0.59255234]
[4730.00000000 256.00000000 40.00000000 0.59255234]
[4730.00000000 254.00000000 40.00000000 0.59255234]
[4730.00000000 252.00000000 40.00000000 0.59255234]
[4730.00000000 250.00000000 40.00000000 0.59255234]
[4730.00000000 248.00000000 40.00000000 0.59255234]
[4730.00000000 246.00000000 40.00000000 0.59255234]
[4730.00000000 244.00000000 40.00000000 0.59255234]
[4730.00000000 242.00000000 40.00000000 0.59255234]
[4730.00000000 240.00000000 40.00000000 0.59255234]
[4700.00000000 260.00000000 40.00000000 0.59240566]
[4700.00000000 258.00000000 40.00000000 0.59240566]
[4700.00000000 256.00000000 40.00000000 0.59240566]
[4700.00000000 254.00000000 40.00000000 0.59240566]
[4700.00000000 252.00000000 40.00000000 0.59240566]
[4700.00000000 250.00000000 40.00000000 0.59240566]
[4700.00000000 248.00000000 40.00000000 0.59240566]
[4700.00000000 246.00000000 40.00000000 0.59240566]
[4700.00000000 244.00000000 40.00000000 0.59240566]
[4700.00000000 242.00000000 40.00000000 0.59240566]
[4700.00000000 240.00000000 40.00000000 0.59240566]
[4670.00000000 260.00000000 40.00000000 0.59140794]
[4670.00000000 258.00000000 40.00000000 0.59140794]
[4670.00000000 256.00000000 40.00000000 0.59140794]
[4670.00000000 254.00000000 40.00000000 0.59140794]
[4670.00000000 252.00000000 40.00000000 0.59140794]
[4670.00000000 250.00000000 40.00000000 0.59140794]
[4670.00000000 248.00000000 40.00000000 0.59140794]
[4670.00000000 246.00000000 40.00000000 0.59140794]
[4670.00000000 244.00000000 40.00000000 0.59140794]
[4670.00000000 242.00000000 40.00000000 0.59140794]
[4670.00000000 240.00000000 40.00000000 0.59140794]
[4640.00000000 260.00000000 40.00000000 0.59211574]
[4640.00000000 258.00000000 40.00000000 0.59211574]
[4640.00000000 256.00000000 40.00000000 0.59211574]
[4640.00000000 254.00000000 40.00000000 0.59211574]
[4640.00000000 252.00000000 40.00000000 0.59211574]
[4640.00000000 250.00000000 40.00000000 0.59211574]
[4640.00000000 248.00000000 40.00000000 0.59211574]
[4640.00000000 246.00000000 40.00000000 0.59211574]
[4640.00000000 244.00000000 40.00000000 0.59211574]
[4640.00000000 242.00000000 40.00000000 0.59211574]
[4640.00000000 240.00000000 40.00000000 0.59211574]
[4610.00000000 260.00000000 40.00000000 0.59291375]
[4610.00000000 258.00000000 40.00000000 0.59291375]
[4610.00000000 256.00000000 40.00000000 0.59291375]
[4610.00000000 254.00000000 40.00000000 0.59291375]
[4610.00000000 252.00000000 40.00000000 0.59291375]
[4610.00000000 250.00000000 40.00000000 0.59291375]
[4610.00000000 248.00000000 40.00000000 0.59291375]
[4610.00000000 246.00000000 40.00000000 0.59291375]
[4610.00000000 244.00000000 40.00000000 0.59291375]
[4610.00000000 242.00000000 40.00000000 0.59291375]
[4610.00000000 240.00000000 40.00000000 0.59291375]
[4580.00000000 260.00000000 40.00000000 0.57417496]
[4580.00000000 258.00000000 40.00000000 0.57417496]
[4580.00000000 256.00000000 40.00000000 0.57417496]
[4580.00000000 254.00000000 40.00000000 0.57417496]
[4580.00000000 252.00000000 40.00000000 0.57417496]
[4580.00000000 250.00000000 40.00000000 0.57417496]
[4580.00000000 248.00000000 40.00000000 0.57417496]
[4580.00000000 246.00000000 40.00000000 0.57417496]
[4580.00000000 244.00000000 40.00000000 0.57417496]
[4580.00000000 242.00000000 40.00000000 0.57417496]
[4580.00000000 240.00000000 40.00000000 0.57417496]
[4550.00000000 260.00000000 40.00000000 0.57359520]
[4550.00000000 258.00000000 40.00000000 0.57359520]
[4550.00000000 256.00000000 40.00000000 0.57359520]
[4550.00000000 254.00000000 40.00000000 0.57359520]
[4550.00000000 252.00000000 40.00000000 0.57359520]
[4550.00000000 250.00000000 40.00000000 0.57359520]
[4550.00000000 248.00000000 40.00000000 0.57359520]
[4550.00000000 246.00000000 40.00000000 0.57359520]
[4550.00000000 244.00000000 40.00000000 0.57359520]
[4550.00000000 242.00000000 40.00000000 0.57359520]
[4550.00000000 240.00000000 40.00000000 0.57359520]
