[5150.00000000 160.00000000 40.00000000 0.39081714]
[5150.00000000 158.00000000 40.00000000 0.39081714]
[5150.00000000 156.00000000 40.00000000 0.41333982]
[5150.00000000 154.00000000 40.00000000 0.41333982]
[5150.00000000 152.00000000 40.00000000 0.41333982]
[5150.00000000 150.00000000 40.00000000 0.43201147]
[5150.00000000 148.00000000 40.00000000 0.43201147]
[5150.00000000 146.00000000 40.00000000 0.43201147]
[5150.00000000 144.00000000 40.00000000 0.43201147]
[5150.00000000 142.00000000 40.00000000 0.43201147]
[5150.00000000 140.00000000 40.00000000 0.43201147]
[5120.00000000 160.00000000 40.00000000 0.39319191]
[5120.00000000 158.00000000 40.00000000 0.39319191]
[5120.00000000 156.00000000 40.00000000 0.41559322]
[5120.00000000 154.00000000 40.00000000 0.41559322]
[5120.00000000 152.00000000 40.00000000 0.41559322]
[5120.00000000 150.00000000 40.00000000 0.43410926]
[5120.00000000 148.00000000 40.00000000 0.43410926]
[5120.00000000 146.00000000 40.00000000 0.43410926]
[5120.00000000 144.00000000 40.00000000 0.43410926]
[5120.00000000 142.00000000 40.00000000 0.43410926]
[5120.00000000 140.00000000 40.00000000 0.43410926]
[5090.00000000 160.00000000 40.00000000 0.39576772]
[5090.00000000 158.00000000 40.00000000 0.39576772]
[5090.00000000 156.00000000 40.00000000 0.41794649]
[5090.00000000 154.00000000 40.00000000 0.41794649]
[5090.00000000 152.00000000 40.00000000 0.41794649]
[5090.00000000 150.00000000 40.00000000 0.43605036]
[5090.00000000 148.00000000 40.00000000 0.43605036]
[5090.00000000 146.00000000 40.00000000 0.43605036]
[5090.00000000 144.00000000 40.00000000 0.43605036]
[5090.00000000 142.00000000 40.00000000 0.43605036]
[5090.00000000 140.00000000 40.00000000 0.43605036]
[5060.00000000 160.00000000 40.00000000 0.39592317]
[5060.00000000 158.00000000 40.00000000 0.39592317]
[5060.00000000 156.00000000 40.00000000 0.41798077]
[5060.00000000 154.00000000 40.00000000 0.41798077]
[5060.00000000 152.00000000 40.00000000 0.41798077]
[5060.00000000 150.00000000 40.00000000 0.43600377]
[5060.00000000 148.00000000 40.00000000 0.43600377]
[5060.00000000 146.00000000 40.00000000 0.43600377]
[5060.00000000 144.00000000 40.00000000 0.43600377]
[5060.00000000 142.00000000 40.00000000 0.43600377]
[5060.00000000 140.00000000 40.00000000 0.43600377]
[5030.00000000 160.00000000 40.00000000 0.39679280]
[5030.00000000 158.00000000 40.00000000 0.39679280]
[5030.00000000 156.00000000 40.00000000 0.41884114]
[5030.00000000 154.00000000 40.00000000 0.41884114]
[5030.00000000 152.00000000 40.00000000 0.41884114]
[5030.00000000 150.00000000 40.00000000 0.43669518]
[5030.00000000 148.00000000 40.00000000 0.43669518]
[5030.00000000 146.00000000 40.00000000 0.43669518]
[5030.00000000 144.00000000 40.00000000 0.43669518]
[5030.00000000 142.00000000 40.00000000 0.43669518]
[5030.00000000 140.00000000 40.00000000 0.43669518]
[5000.00000000 160.00000000 40.00000000 0.39580093]
[5000.00000000 158.00000000 40.00000000 0.39580093]
[5000.00000000 156.00000000 40.00000000 0.41794603]
[5000.00000000 154.00000000 40.00000000 0.41794603]
[5000.00000000 152.00000000 40.00000000 0.41794603]
[5000.00000000 150.00000000 40.00000000 0.43568426]
[5000.00000000 148.00000000 40.00000000 0.43568426]
[5000.00000000 146.00000000 40.00000000 0.43568426]
[5000.00000000 144.00000000 40.00000000 0.43568426]
[5000.00000000 142.00000000 40.00000000 0.43568426]
[5000.00000000 140.00000000 40.00000000 0.43568426]
[4970.00000000 160.00000000 40.00000000 0.39732662]
[4970.00000000 158.00000000 40.00000000 0.39732662]
[4970.00000000 156.00000000 40.00000000 0.41938242]
[4970.00000000 154.00000000 40.00000000 0.41938242]
[4970.00000000 152.00000000 40.00000000 0.41938242]
[4970.00000000 150.00000000 40.00000000 0.43702876]
[4970.00000000 148.00000000 40.00000000 0.43702876]
[4970.00000000 146.00000000 40.00000000 0.43702876]
[4970.00000000 144.00000000 40.00000000 0.43702876]
[4970.00000000 142.00000000 40.00000000 0.43702876]
[4970.00000000 140.00000000 40.00000000 0.43702876]
[4940.00000000 160.00000000 40.00000000 0.39742846]
[4940.00000000 158.00000000 40.00000000 0.39742846]
[4940.00000000 156.00000000 40.00000000 0.41924171]
[4940.00000000 154.00000000 40.00000000 0.41924171]
[4940.00000000 152.00000000 40.00000000 0.41924171]
[4940.00000000 150.00000000 40.00000000 0.43676880]
[4940.00000000 148.00000000 40.00000000 0.43676880]
[4940.00000000 146.00000000 40.00000000 0.43676880]
[4940.00000000 144.00000000 40.00000000 0.43676880]
[4940.00000000 142.00000000 40.00000000 0.43676880]
[4940.00000000 140.00000000 40.00000000 0.43676880]
[4910.00000000 160.00000000 40.00000000 0.41888574]
[4910.00000000 158.00000000 40.00000000 0.41888574]
[4910.00000000 156.00000000 40.00000000 0.41888574]
[4910.00000000 154.00000000 40.00000000 0.41888574]
[4910.00000000 152.00000000 40.00000000 0.41888574]
[4910.00000000 150.00000000 40.00000000 0.43623416]
[4910.00000000 148.00000000 40.00000000 0.43623416]
[4910.00000000 146.00000000 40.00000000 0.43623416]
[4910.00000000 144.00000000 40.00000000 0.43623416]
[4910.00000000 142.00000000 40.00000000 0.43623416]
[4910.00000000 140.00000000 40.00000000 0.43623416]
[4880.00000000 160.00000000 40.00000000 0.42297944]
[4880.00000000 158.00000000 40.00000000 0.42297944]
[4880.00000000 156.00000000 40.00000000 0.42297944]
[4880.00000000 154.00000000 40.00000000 0.42297944]
[4880.00000000 152.00000000 40.00000000 0.42297944]
[4880.00000000 150.00000000 40.00000000 0.44051122]
[4880.00000000 148.00000000 40.00000000 0.44051122]
[4880.00000000 146.00000000 40.00000000 0.44051122]
[4880.00000000 144.00000000 40.00000000 0.44051122]
[4880.00000000 142.00000000 40.00000000 0.44051122]
[4880.00000000 140.00000000 40.00000000 0.44051122]
[4850.00000000 160.00000000 40.00000000 0.41801535]
[4850.00000000 158.00000000 40.00000000 0.41801535]
[4850.00000000 156.00000000 40.00000000 0.41801535]
[4850.00000000 154.00000000 40.00000000 0.41801535]
[4850.00000000 152.00000000 40.00000000 0.43535381]
[4850.00000000 150.00000000 40.00000000 0.43535381]
[4850.00000000 148.00000000 40.00000000 0.43535381]
[4850.00000000 146.00000000 40.00000000 0.43535381]
[4850.00000000 144.00000000 40.00000000 0.43535381]
[4850.00000000 142.00000000 40.00000000 0.43535381]
[4850.00000000 140.00000000 40.00000000 0.43535381]
