[6500.00000000 250.00000000 40.00000000 0.18444755]
[6500.00000000 230.00000000 40.00000000 0.18444755]
[6500.00000000 210.00000000 40.00000000 0.18444755]
[6500.00000000 190.00000000 40.00000000 0.27082071]
[6500.00000000 170.00000000 40.00000000 0.27082071]
[6500.00000000 150.00000000 40.00000000 0.30771056]
[6500.00000000 130.00000000 40.00000000 0.35854309]
[6500.00000000 110.00000000 40.00000000 0.37238257]
[6500.00000000 90.00000000 40.00000000 0.36716738]
[6500.00000000 70.00000000 40.00000000 0.34793713]
[6500.00000000 50.00000000 40.00000000 0.32750269]
[6200.00000000 250.00000000 40.00000000 0.19672956]
[6200.00000000 230.00000000 40.00000000 0.19672956]
[6200.00000000 210.00000000 40.00000000 0.19672956]
[6200.00000000 190.00000000 40.00000000 0.28373372]
[6200.00000000 170.00000000 40.00000000 0.28373372]
[6200.00000000 150.00000000 40.00000000 0.32015395]
[6200.00000000 130.00000000 40.00000000 0.39298561]
[6200.00000000 110.00000000 40.00000000 0.38891244]
[6200.00000000 90.00000000 40.00000000 0.38860631]
[6200.00000000 70.00000000 40.00000000 0.35474006]
[6200.00000000 50.00000000 40.00000000 0.33215429]
[5900.00000000 250.00000000 40.00000000 0.20136986]
[5900.00000000 230.00000000 40.00000000 0.20136986]
[5900.00000000 210.00000000 40.00000000 0.20136986]
[5900.00000000 190.00000000 40.00000000 0.28942116]
[5900.00000000 170.00000000 40.00000000 0.32377702]
[5900.00000000 150.00000000 40.00000000 0.32377702]
[5900.00000000 130.00000000 40.00000000 0.39645228]
[5900.00000000 110.00000000 40.00000000 0.40258690]
[5900.00000000 90.00000000 40.00000000 0.39571730]
[5900.00000000 70.00000000 40.00000000 0.34923729]
[5900.00000000 50.00000000 40.00000000 0.32523084]
[5600.00000000 250.00000000 40.00000000 0.22331155]
[5600.00000000 230.00000000 40.00000000 0.22331155]
[5600.00000000 210.00000000 40.00000000 0.22331155]
[5600.00000000 190.00000000 40.00000000 0.30895505]
[5600.00000000 170.00000000 40.00000000 0.34139932]
[5600.00000000 150.00000000 40.00000000 0.36909871]
[5600.00000000 130.00000000 40.00000000 0.42359906]
[5600.00000000 110.00000000 40.00000000 0.40424703]
[5600.00000000 90.00000000 40.00000000 0.39570863]
[5600.00000000 70.00000000 40.00000000 0.34561248]
[5600.00000000 50.00000000 40.00000000 0.31146709]
[5300.00000000 250.00000000 40.00000000 0.28470067]
[5300.00000000 230.00000000 40.00000000 0.28470067]
[5300.00000000 210.00000000 40.00000000 0.28470067]
[5300.00000000 190.00000000 40.00000000 0.32698684]
[5300.00000000 170.00000000 40.00000000 0.35772526]
[5300.00000000 150.00000000 40.00000000 0.42794547]
[5300.00000000 130.00000000 40.00000000 0.42794547]
[5300.00000000 110.00000000 40.00000000 0.40800223]
[5300.00000000 90.00000000 40.00000000 0.39882672]
[5300.00000000 70.00000000 40.00000000 0.34188996]
[5300.00000000 50.00000000 40.00000000 0.30095804]
[5000.00000000 250.00000000 40.00000000 0.29535135]
[5000.00000000 230.00000000 40.00000000 0.29535135]
[5000.00000000 210.00000000 40.00000000 0.33692834]
[5000.00000000 190.00000000 40.00000000 0.33692834]
[5000.00000000 170.00000000 40.00000000 0.36697248]
[5000.00000000 150.00000000 40.00000000 0.43568426]
[5000.00000000 130.00000000 40.00000000 0.43568426]
[5000.00000000 110.00000000 40.00000000 0.41476212]
[5000.00000000 90.00000000 40.00000000 0.39341196]
[5000.00000000 70.00000000 40.00000000 0.34145136]
[5000.00000000 50.00000000 40.00000000 0.29021856]
[4700.00000000 250.00000000 40.00000000 0.33925206]
[4700.00000000 230.00000000 40.00000000 0.33925206]
[4700.00000000 210.00000000 40.00000000 0.33925206]
[4700.00000000 190.00000000 40.00000000 0.33925206]
[4700.00000000 170.00000000 40.00000000 0.36825064]
[4700.00000000 150.00000000 40.00000000 0.43401578]
[4700.00000000 130.00000000 40.00000000 0.42427656]
[4700.00000000 110.00000000 40.00000000 0.42270270]
[4700.00000000 90.00000000 40.00000000 0.39018961]
[4700.00000000 70.00000000 40.00000000 0.33787557]
[4700.00000000 50.00000000 40.00000000 0.27515455]
[4400.00000000 250.00000000 40.00000000 0.35116868]
[4400.00000000 230.00000000 40.00000000 0.35116868]
[4400.00000000 210.00000000 40.00000000 0.38012959]
[4400.00000000 190.00000000 40.00000000 0.38012959]
[4400.00000000 170.00000000 40.00000000 0.40115871]
[4400.00000000 150.00000000 40.00000000 0.43271424]
[4400.00000000 130.00000000 40.00000000 0.42384106]
[4400.00000000 110.00000000 40.00000000 0.41136839]
[4400.00000000 90.00000000 40.00000000 0.36779063]
[4400.00000000 70.00000000 40.00000000 0.33268617]
[4400.00000000 50.00000000 40.00000000 0.25319765]
[4100.00000000 250.00000000 40.00000000 0.34501081]
[4100.00000000 230.00000000 40.00000000 0.34501081]
[4100.00000000 210.00000000 40.00000000 0.37255409]
[4100.00000000 190.00000000 40.00000000 0.37255409]
[4100.00000000 170.00000000 40.00000000 0.41762265]
[4100.00000000 150.00000000 40.00000000 0.42126441]
[4100.00000000 130.00000000 40.00000000 0.41037238]
[4100.00000000 110.00000000 40.00000000 0.39853587]
[4100.00000000 90.00000000 40.00000000 0.35133914]
[4100.00000000 70.00000000 40.00000000 0.30691171]
[4100.00000000 50.00000000 40.00000000 0.22141518]
[3800.00000000 250.00000000 40.00000000 0.34336420]
[3800.00000000 230.00000000 40.00000000 0.34336420]
[3800.00000000 210.00000000 40.00000000 0.36842105]
[3800.00000000 190.00000000 40.00000000 0.36842105]
[3800.00000000 170.00000000 40.00000000 0.40993408]
[3800.00000000 150.00000000 40.00000000 0.39729294]
[3800.00000000 130.00000000 40.00000000 0.38661025]
[3800.00000000 110.00000000 40.00000000 0.37593735]
[3800.00000000 90.00000000 40.00000000 0.32564957]
[3800.00000000 70.00000000 40.00000000 0.28116905]
[3800.00000000 50.00000000 40.00000000 0.19092810]
[3500.00000000 250.00000000 40.00000000 0.36103438]
[3500.00000000 230.00000000 40.00000000 0.36103438]
[3500.00000000 210.00000000 40.00000000 0.38175156]
[3500.00000000 190.00000000 40.00000000 0.36146000]
[3500.00000000 170.00000000 40.00000000 0.37091870]
[3500.00000000 150.00000000 40.00000000 0.36277622]
[3500.00000000 130.00000000 40.00000000 0.36277622]
[3500.00000000 110.00000000 40.00000000 0.34685421]
[3500.00000000 90.00000000 40.00000000 0.30107908]
[3500.00000000 70.00000000 40.00000000 0.25179226]
[3500.00000000 50.00000000 40.00000000 0.16474642]
