[6500.00000000 250.00000000 40.00000000 0.60111210]
[6500.00000000 230.00000000 40.00000000 0.60111210]
[6500.00000000 210.00000000 40.00000000 0.60111210]
[6500.00000000 190.00000000 40.00000000 0.60111210]
[6500.00000000 170.00000000 40.00000000 0.60111210]
[6500.00000000 150.00000000 40.00000000 0.60111210]
[6500.00000000 130.00000000 40.00000000 0.60111210]
[6500.00000000 110.00000000 40.00000000 0.60111210]
[6500.00000000 90.00000000 40.00000000 0.60111210]
[6500.00000000 70.00000000 40.00000000 0.61035254]
[6500.00000000 50.00000000 40.00000000 0.61035254]
[6200.00000000 250.00000000 40.00000000 0.61376972]
[6200.00000000 230.00000000 40.00000000 0.61376972]
[6200.00000000 210.00000000 40.00000000 0.61376972]
[6200.00000000 190.00000000 40.00000000 0.61376972]
[6200.00000000 170.00000000 40.00000000 0.61376972]
[6200.00000000 150.00000000 40.00000000 0.61376972]
[6200.00000000 130.00000000 40.00000000 0.61376972]
[6200.00000000 110.00000000 40.00000000 0.61376972]
[6200.00000000 90.00000000 40.00000000 0.61376972]
[6200.00000000 70.00000000 40.00000000 0.62276064]
[6200.00000000 50.00000000 40.00000000 0.62276064]
[5900.00000000 250.00000000 40.00000000 0.62320093]
[5900.00000000 230.00000000 40.00000000 0.62320093]
[5900.00000000 210.00000000 40.00000000 0.62320093]
[5900.00000000 190.00000000 40.00000000 0.62320093]
[5900.00000000 170.00000000 40.00000000 0.62320093]
[5900.00000000 150.00000000 40.00000000 0.62320093]
[5900.00000000 130.00000000 40.00000000 0.62320093]
[5900.00000000 110.00000000 40.00000000 0.62320093]
[5900.00000000 90.00000000 40.00000000 0.62320093]
[5900.00000000 70.00000000 40.00000000 0.63253441]
[5900.00000000 50.00000000 40.00000000 0.63253441]
[5600.00000000 250.00000000 40.00000000 0.64027374]
[5600.00000000 230.00000000 40.00000000 0.64027374]
[5600.00000000 210.00000000 40.00000000 0.64027374]
[5600.00000000 190.00000000 40.00000000 0.64027374]
[5600.00000000 170.00000000 40.00000000 0.64027374]
[5600.00000000 150.00000000 40.00000000 0.64027374]
[5600.00000000 130.00000000 40.00000000 0.64027374]
[5600.00000000 110.00000000 40.00000000 0.64027374]
[5600.00000000 90.00000000 40.00000000 0.64027374]
[5600.00000000 70.00000000 40.00000000 0.64027374]
[5600.00000000 50.00000000 40.00000000 0.63793419]
[5300.00000000 250.00000000 40.00000000 0.64863103]
[5300.00000000 230.00000000 40.00000000 0.64863103]
[5300.00000000 210.00000000 40.00000000 0.64863103]
[5300.00000000 190.00000000 40.00000000 0.64863103]
[5300.00000000 170.00000000 40.00000000 0.64863103]
[5300.00000000 150.00000000 40.00000000 0.64863103]
[5300.00000000 130.00000000 40.00000000 0.64863103]
[5300.00000000 110.00000000 40.00000000 0.64863103]
[5300.00000000 90.00000000 40.00000000 0.64863103]
[5300.00000000 70.00000000 40.00000000 0.64863103]
[5300.00000000 50.00000000 40.00000000 0.64597213]
[5000.00000000 250.00000000 40.00000000 0.65171280]
[5000.00000000 230.00000000 40.00000000 0.65171280]
[5000.00000000 210.00000000 40.00000000 0.65171280]
[5000.00000000 190.00000000 40.00000000 0.65171280]
[5000.00000000 170.00000000 40.00000000 0.65171280]
[5000.00000000 150.00000000 40.00000000 0.65171280]
[5000.00000000 130.00000000 40.00000000 0.65171280]
[5000.00000000 110.00000000 40.00000000 0.65171280]
[5000.00000000 90.00000000 40.00000000 0.65171280]
[5000.00000000 70.00000000 40.00000000 0.65171280]
[5000.00000000 50.00000000 40.00000000 0.65109133]
[4700.00000000 250.00000000 40.00000000 0.65247219]
[4700.00000000 230.00000000 40.00000000 0.65247219]
[4700.00000000 210.00000000 40.00000000 0.65247219]
[4700.00000000 190.00000000 40.00000000 0.65247219]
[4700.00000000 170.00000000 40.00000000 0.65247219]
[4700.00000000 150.00000000 40.00000000 0.65247219]
[4700.00000000 130.00000000 40.00000000 0.65247219]
[4700.00000000 110.00000000 40.00000000 0.65247219]
[4700.00000000 90.00000000 40.00000000 0.65247219]
[4700.00000000 70.00000000 40.00000000 0.64961363]
[4700.00000000 50.00000000 40.00000000 0.65070355]
[4400.00000000 250.00000000 40.00000000 0.65000337]
[4400.00000000 230.00000000 40.00000000 0.65000337]
[4400.00000000 210.00000000 40.00000000 0.65000337]
[4400.00000000 190.00000000 40.00000000 0.65000337]
[4400.00000000 170.00000000 40.00000000 0.65000337]
[4400.00000000 150.00000000 40.00000000 0.65000337]
[4400.00000000 130.00000000 40.00000000 0.65000337]
[4400.00000000 110.00000000 40.00000000 0.65000337]
[4400.00000000 90.00000000 40.00000000 0.65000337]
[4400.00000000 70.00000000 40.00000000 0.64525851]
[4400.00000000 50.00000000 40.00000000 0.64167296]
[4100.00000000 250.00000000 40.00000000 0.63940014]
[4100.00000000 230.00000000 40.00000000 0.63940014]
[4100.00000000 210.00000000 40.00000000 0.63940014]
[4100.00000000 190.00000000 40.00000000 0.63940014]
[4100.00000000 170.00000000 40.00000000 0.63940014]
[4100.00000000 150.00000000 40.00000000 0.63940014]
[4100.00000000 130.00000000 40.00000000 0.63940014]
[4100.00000000 110.00000000 40.00000000 0.63940014]
[4100.00000000 90.00000000 40.00000000 0.63199435]
[4100.00000000 70.00000000 40.00000000 0.62565205]
[4100.00000000 50.00000000 40.00000000 0.61550745]
[3800.00000000 250.00000000 40.00000000 0.62288867]
[3800.00000000 230.00000000 40.00000000 0.62288867]
[3800.00000000 210.00000000 40.00000000 0.62288867]
[3800.00000000 190.00000000 40.00000000 0.62288867]
[3800.00000000 170.00000000 40.00000000 0.62288867]
[3800.00000000 150.00000000 40.00000000 0.62288867]
[3800.00000000 130.00000000 40.00000000 0.62288867]
[3800.00000000 110.00000000 40.00000000 0.61950891]
[3800.00000000 90.00000000 40.00000000 0.61058070]
[3800.00000000 70.00000000 40.00000000 0.60650896]
[3800.00000000 50.00000000 40.00000000 0.58594554]
[3500.00000000 250.00000000 40.00000000 0.58908893]
[3500.00000000 230.00000000 40.00000000 0.58908893]
[3500.00000000 210.00000000 40.00000000 0.58908893]
[3500.00000000 190.00000000 40.00000000 0.58908893]
[3500.00000000 170.00000000 40.00000000 0.58908893]
[3500.00000000 150.00000000 40.00000000 0.58908893]
[3500.00000000 130.00000000 40.00000000 0.58908893]
[3500.00000000 110.00000000 40.00000000 0.57559570]
[3500.00000000 90.00000000 40.00000000 0.56982668]
[3500.00000000 70.00000000 40.00000000 0.56347685]
[3500.00000000 50.00000000 40.00000000 0.53010458]
