[5750.00000000 100.00000000 40.00000000 0.43509834]
[5750.00000000 98.00000000 40.00000000 0.44790966]
[5750.00000000 96.00000000 40.00000000 0.45564872]
[5750.00000000 94.00000000 40.00000000 0.45564872]
[5750.00000000 92.00000000 40.00000000 0.45564872]
[5750.00000000 90.00000000 40.00000000 0.45564872]
[5750.00000000 88.00000000 40.00000000 0.45564872]
[5750.00000000 86.00000000 40.00000000 0.45564872]
[5750.00000000 84.00000000 40.00000000 0.45564872]
[5750.00000000 82.00000000 40.00000000 0.45564872]
[5750.00000000 80.00000000 40.00000000 0.45564872]
[5720.00000000 100.00000000 40.00000000 0.43548509]
[5720.00000000 98.00000000 40.00000000 0.44838397]
[5720.00000000 96.00000000 40.00000000 0.45606695]
[5720.00000000 94.00000000 40.00000000 0.45606695]
[5720.00000000 92.00000000 40.00000000 0.45606695]
[5720.00000000 90.00000000 40.00000000 0.45606695]
[5720.00000000 88.00000000 40.00000000 0.45606695]
[5720.00000000 86.00000000 40.00000000 0.45350365]
[5720.00000000 84.00000000 40.00000000 0.45350365]
[5720.00000000 82.00000000 40.00000000 0.45350365]
[5720.00000000 80.00000000 40.00000000 0.45350365]
[5690.00000000 100.00000000 40.00000000 0.43597653]
[5690.00000000 98.00000000 40.00000000 0.44889914]
[5690.00000000 96.00000000 40.00000000 0.45648040]
[5690.00000000 94.00000000 40.00000000 0.45648040]
[5690.00000000 92.00000000 40.00000000 0.45648040]
[5690.00000000 90.00000000 40.00000000 0.45648040]
[5690.00000000 88.00000000 40.00000000 0.45648040]
[5690.00000000 86.00000000 40.00000000 0.45385790]
[5690.00000000 84.00000000 40.00000000 0.45385790]
[5690.00000000 82.00000000 40.00000000 0.45385790]
[5690.00000000 80.00000000 40.00000000 0.45385790]
[5660.00000000 100.00000000 40.00000000 0.43635954]
[5660.00000000 98.00000000 40.00000000 0.44932809]
[5660.00000000 96.00000000 40.00000000 0.45696138]
[5660.00000000 94.00000000 40.00000000 0.45696138]
[5660.00000000 92.00000000 40.00000000 0.45696138]
[5660.00000000 90.00000000 40.00000000 0.45696138]
[5660.00000000 88.00000000 40.00000000 0.45696138]
[5660.00000000 86.00000000 40.00000000 0.45434088]
[5660.00000000 84.00000000 40.00000000 0.45434088]
[5660.00000000 82.00000000 40.00000000 0.45434088]
[5660.00000000 80.00000000 40.00000000 0.45434088]
[5630.00000000 100.00000000 40.00000000 0.43746255]
[5630.00000000 98.00000000 40.00000000 0.45045912]
[5630.00000000 96.00000000 40.00000000 0.45820591]
[5630.00000000 94.00000000 40.00000000 0.45820591]
[5630.00000000 92.00000000 40.00000000 0.45820591]
[5630.00000000 90.00000000 40.00000000 0.45820591]
[5630.00000000 88.00000000 40.00000000 0.45555234]
[5630.00000000 86.00000000 40.00000000 0.45555234]
[5630.00000000 84.00000000 40.00000000 0.45555234]
[5630.00000000 82.00000000 40.00000000 0.45555234]
[5630.00000000 80.00000000 40.00000000 0.45555234]
[5600.00000000 100.00000000 40.00000000 0.43810235]
[5600.00000000 98.00000000 40.00000000 0.45106006]
[5600.00000000 96.00000000 40.00000000 0.45877824]
[5600.00000000 94.00000000 40.00000000 0.45877824]
[5600.00000000 92.00000000 40.00000000 0.45877824]
[5600.00000000 90.00000000 40.00000000 0.45877824]
[5600.00000000 88.00000000 40.00000000 0.45606181]
[5600.00000000 86.00000000 40.00000000 0.45606181]
[5600.00000000 84.00000000 40.00000000 0.45606181]
[5600.00000000 82.00000000 40.00000000 0.45606181]
[5600.00000000 80.00000000 40.00000000 0.45606181]
[5570.00000000 100.00000000 40.00000000 0.43482116]
[5570.00000000 98.00000000 40.00000000 0.44768376]
[5570.00000000 96.00000000 40.00000000 0.45534239]
[5570.00000000 94.00000000 40.00000000 0.45534239]
[5570.00000000 92.00000000 40.00000000 0.45534239]
[5570.00000000 90.00000000 40.00000000 0.45534239]
[5570.00000000 88.00000000 40.00000000 0.45534239]
[5570.00000000 86.00000000 40.00000000 0.45534239]
[5570.00000000 84.00000000 40.00000000 0.45534239]
[5570.00000000 82.00000000 40.00000000 0.45534239]
[5570.00000000 80.00000000 40.00000000 0.45534239]
[5540.00000000 100.00000000 40.00000000 0.43486279]
[5540.00000000 98.00000000 40.00000000 0.44774269]
[5540.00000000 96.00000000 40.00000000 0.45538660]
[5540.00000000 94.00000000 40.00000000 0.45538660]
[5540.00000000 92.00000000 40.00000000 0.45538660]
[5540.00000000 90.00000000 40.00000000 0.45538660]
[5540.00000000 88.00000000 40.00000000 0.45538660]
[5540.00000000 86.00000000 40.00000000 0.45538660]
[5540.00000000 84.00000000 40.00000000 0.45538660]
[5540.00000000 82.00000000 40.00000000 0.45538660]
[5540.00000000 80.00000000 40.00000000 0.45538660]
[5510.00000000 100.00000000 40.00000000 0.44946018]
[5510.00000000 98.00000000 40.00000000 0.45710418]
[5510.00000000 96.00000000 40.00000000 0.45710418]
[5510.00000000 94.00000000 40.00000000 0.45710418]
[5510.00000000 92.00000000 40.00000000 0.45710418]
[5510.00000000 90.00000000 40.00000000 0.45710418]
[5510.00000000 88.00000000 40.00000000 0.45710418]
[5510.00000000 86.00000000 40.00000000 0.45710418]
[5510.00000000 84.00000000 40.00000000 0.45710418]
[5510.00000000 82.00000000 40.00000000 0.45710418]
[5510.00000000 80.00000000 40.00000000 0.45710418]
[5480.00000000 100.00000000 40.00000000 0.44856978]
[5480.00000000 98.00000000 40.00000000 0.45617275]
[5480.00000000 96.00000000 40.00000000 0.45617275]
[5480.00000000 94.00000000 40.00000000 0.45617275]
[5480.00000000 92.00000000 40.00000000 0.45617275]
[5480.00000000 90.00000000 40.00000000 0.45617275]
[5480.00000000 88.00000000 40.00000000 0.45617275]
[5480.00000000 86.00000000 40.00000000 0.45617275]
[5480.00000000 84.00000000 40.00000000 0.45617275]
[5480.00000000 82.00000000 40.00000000 0.45617275]
[5480.00000000 80.00000000 40.00000000 0.45617275]
[5450.00000000 100.00000000 40.00000000 0.44936618]
[5450.00000000 98.00000000 40.00000000 0.45690205]
[5450.00000000 96.00000000 40.00000000 0.45690205]
[5450.00000000 94.00000000 40.00000000 0.45690205]
[5450.00000000 92.00000000 40.00000000 0.45690205]
[5450.00000000 90.00000000 40.00000000 0.45690205]
[5450.00000000 88.00000000 40.00000000 0.45690205]
[5450.00000000 86.00000000 40.00000000 0.45690205]
[5450.00000000 84.00000000 40.00000000 0.45690205]
[5450.00000000 82.00000000 40.00000000 0.45690205]
[5450.00000000 80.00000000 40.00000000 0.45690205]
