[6350.00000000 240.00000000 40.00000000 0.00000000]
[6350.00000000 242.00000000 40.00000000 0.00000000]
[6350.00000000 244.00000000 40.00000000 0.00000000]
[6350.00000000 246.00000000 40.00000000 0.00000000]
[6350.00000000 248.00000000 40.00000000 0.00000000]
[6350.00000000 250.00000000 40.00000000 0.00000000]
[6350.00000000 252.00000000 40.00000000 0.00000000]
[6350.00000000 254.00000000 40.00000000 0.00000000]
[6350.00000000 256.00000000 40.00000000 0.00000000]
[6350.00000000 258.00000000 40.00000000 0.00000000]
[6350.00000000 260.00000000 40.00000000 0.00000000]
[6380.00000000 240.00000000 40.00000000 0.00000000]
[6380.00000000 242.00000000 40.00000000 0.00000000]
[6380.00000000 244.00000000 40.00000000 0.00000000]
[6380.00000000 246.00000000 40.00000000 0.00000000]
[6380.00000000 248.00000000 40.00000000 0.00000000]
[6380.00000000 250.00000000 40.00000000 0.00000000]
[6380.00000000 252.00000000 40.00000000 0.00000000]
[6380.00000000 254.00000000 40.00000000 0.00000000]
[6380.00000000 256.00000000 40.00000000 0.00000000]
[6380.00000000 258.00000000 40.00000000 0.00000000]
[6380.00000000 260.00000000 40.00000000 0.00000000]
[6410.00000000 240.00000000 40.00000000 0.00000000]
[6410.00000000 242.00000000 40.00000000 0.00000000]
[6410.00000000 244.00000000 40.00000000 0.00000000]
[6410.00000000 246.00000000 40.00000000 0.00000000]
[6410.00000000 248.00000000 40.00000000 0.00000000]
[6410.00000000 250.00000000 40.00000000 0.00000000]
[6410.00000000 252.00000000 40.00000000 0.00000000]
[6410.00000000 254.00000000 40.00000000 0.00000000]
[6410.00000000 256.00000000 40.00000000 0.00000000]
[6410.00000000 258.00000000 40.00000000 0.00000000]
[6410.00000000 260.00000000 40.00000000 0.00000000]
[6440.00000000 240.00000000 40.00000000 0.00000000]
[6440.00000000 242.00000000 40.00000000 0.00000000]
[6440.00000000 244.00000000 40.00000000 0.00000000]
[6440.00000000 246.00000000 40.00000000 0.00000000]
[6440.00000000 248.00000000 40.00000000 0.00000000]
[6440.00000000 250.00000000 40.00000000 0.00000000]
[6440.00000000 252.00000000 40.00000000 0.00000000]
[6440.00000000 254.00000000 40.00000000 0.00000000]
[6440.00000000 256.00000000 40.00000000 0.00000000]
[6440.00000000 258.00000000 40.00000000 0.00000000]
[6440.00000000 260.00000000 40.00000000 0.00000000]
[6470.00000000 240.00000000 40.00000000 0.00000000]
[6470.00000000 242.00000000 40.00000000 0.00000000]
[6470.00000000 244.00000000 40.00000000 0.00000000]
[6470.00000000 246.00000000 40.00000000 0.00000000]
[6470.00000000 248.00000000 40.00000000 0.00000000]
[6470.00000000 250.00000000 40.00000000 0.00000000]
[6470.00000000 252.00000000 40.00000000 0.00000000]
[6470.00000000 254.00000000 40.00000000 0.00000000]
[6470.00000000 256.00000000 40.00000000 0.00000000]
[6470.00000000 258.00000000 40.00000000 0.00000000]
[6470.00000000 260.00000000 40.00000000 0.00000000]
[6500.00000000 240.00000000 40.00000000 0.00000000]
[6500.00000000 242.00000000 40.00000000 0.00000000]
[6500.00000000 244.00000000 40.00000000 0.00000000]
[6500.00000000 246.00000000 40.00000000 0.00000000]
[6500.00000000 248.00000000 40.00000000 0.00000000]
[6500.00000000 250.00000000 40.00000000 0.00000000]
[6500.00000000 252.00000000 40.00000000 0.00000000]
[6500.00000000 254.00000000 40.00000000 0.00000000]
[6500.00000000 256.00000000 40.00000000 0.00000000]
[6500.00000000 258.00000000 40.00000000 0.00000000]
[6500.00000000 260.00000000 40.00000000 0.00000000]
[6530.00000000 240.00000000 40.00000000 0.00000000]
[6530.00000000 242.00000000 40.00000000 0.00000000]
[6530.00000000 244.00000000 40.00000000 0.00000000]
[6530.00000000 246.00000000 40.00000000 0.00000000]
[6530.00000000 248.00000000 40.00000000 0.00000000]
[6530.00000000 250.00000000 40.00000000 0.00000000]
[6530.00000000 252.00000000 40.00000000 0.00000000]
[6530.00000000 254.00000000 40.00000000 0.00000000]
[6530.00000000 256.00000000 40.00000000 0.00000000]
[6530.00000000 258.00000000 40.00000000 0.00000000]
[6530.00000000 260.00000000 40.00000000 0.00000000]
[6560.00000000 240.00000000 40.00000000 0.00000000]
[6560.00000000 242.00000000 40.00000000 0.00000000]
[6560.00000000 244.00000000 40.00000000 0.00000000]
[6560.00000000 246.00000000 40.00000000 0.00000000]
[6560.00000000 248.00000000 40.00000000 0.00000000]
[6560.00000000 250.00000000 40.00000000 0.00000000]
[6560.00000000 252.00000000 40.00000000 0.00000000]
[6560.00000000 254.00000000 40.00000000 0.00000000]
[6560.00000000 256.00000000 40.00000000 0.00000000]
[6560.00000000 258.00000000 40.00000000 0.00000000]
[6560.00000000 260.00000000 40.00000000 0.00000000]
[6590.00000000 240.00000000 40.00000000 0.00000000]
[6590.00000000 242.00000000 40.00000000 0.00000000]
[6590.00000000 244.00000000 40.00000000 0.00000000]
[6590.00000000 246.00000000 40.00000000 0.00000000]
[6590.00000000 248.00000000 40.00000000 0.00000000]
[6590.00000000 250.00000000 40.00000000 0.00000000]
[6590.00000000 252.00000000 40.00000000 0.00000000]
[6590.00000000 254.00000000 40.00000000 0.00000000]
[6590.00000000 256.00000000 40.00000000 0.00000000]
[6590.00000000 258.00000000 40.00000000 0.00000000]
[6590.00000000 260.00000000 40.00000000 0.00000000]
[6620.00000000 240.00000000 40.00000000 0.00000000]
[6620.00000000 242.00000000 40.00000000 0.00000000]
[6620.00000000 244.00000000 40.00000000 0.00000000]
[6620.00000000 246.00000000 40.00000000 0.00000000]
[6620.00000000 248.00000000 40.00000000 0.00000000]
[6620.00000000 250.00000000 40.00000000 0.00000000]
[6620.00000000 252.00000000 40.00000000 0.00000000]
[6620.00000000 254.00000000 40.00000000 0.00000000]
[6620.00000000 256.00000000 40.00000000 0.00000000]
[6620.00000000 258.00000000 40.00000000 0.00000000]
[6620.00000000 260.00000000 40.00000000 0.00000000]
[6650.00000000 240.00000000 40.00000000 0.00000000]
[6650.00000000 242.00000000 40.00000000 0.00000000]
[6650.00000000 244.00000000 40.00000000 0.00000000]
[6650.00000000 246.00000000 40.00000000 0.00000000]
[6650.00000000 248.00000000 40.00000000 0.00000000]
[6650.00000000 250.00000000 40.00000000 0.00000000]
[6650.00000000 252.00000000 40.00000000 0.00000000]
[6650.00000000 254.00000000 40.00000000 0.00000000]
[6650.00000000 256.00000000 40.00000000 0.00000000]
[6650.00000000 258.00000000 40.00000000 0.00000000]
[6650.00000000 260.00000000 40.00000000 0.00000000]
