[3950.00000000 140.00000000 40.00000000 0.17455717]
[3950.00000000 138.00000000 40.00000000 0.17455717]
[3950.00000000 136.00000000 40.00000000 0.17455717]
[3950.00000000 134.00000000 40.00000000 0.17455717]
[3950.00000000 132.00000000 40.00000000 0.17455717]
[3950.00000000 130.00000000 40.00000000 0.17455717]
[3950.00000000 128.00000000 40.00000000 0.17455717]
[3950.00000000 126.00000000 40.00000000 0.17135631]
[3950.00000000 124.00000000 40.00000000 0.17135631]
[3950.00000000 122.00000000 40.00000000 0.17135631]
[3950.00000000 120.00000000 40.00000000 0.17135631]
[3920.00000000 140.00000000 40.00000000 0.17511225]
[3920.00000000 138.00000000 40.00000000 0.17511225]
[3920.00000000 136.00000000 40.00000000 0.17511225]
[3920.00000000 134.00000000 40.00000000 0.17511225]
[3920.00000000 132.00000000 40.00000000 0.17511225]
[3920.00000000 130.00000000 40.00000000 0.17511225]
[3920.00000000 128.00000000 40.00000000 0.17511225]
[3920.00000000 126.00000000 40.00000000 0.17191436]
[3920.00000000 124.00000000 40.00000000 0.17191436]
[3920.00000000 122.00000000 40.00000000 0.17191436]
[3920.00000000 120.00000000 40.00000000 0.17191436]
[3890.00000000 140.00000000 40.00000000 0.17547230]
[3890.00000000 138.00000000 40.00000000 0.17547230]
[3890.00000000 136.00000000 40.00000000 0.17547230]
[3890.00000000 134.00000000 40.00000000 0.17547230]
[3890.00000000 132.00000000 40.00000000 0.17547230]
[3890.00000000 130.00000000 40.00000000 0.17547230]
[3890.00000000 128.00000000 40.00000000 0.17547230]
[3890.00000000 126.00000000 40.00000000 0.17227287]
[3890.00000000 124.00000000 40.00000000 0.17227287]
[3890.00000000 122.00000000 40.00000000 0.17227287]
[3890.00000000 120.00000000 40.00000000 0.17227287]
[3860.00000000 140.00000000 40.00000000 0.17519182]
[3860.00000000 138.00000000 40.00000000 0.17519182]
[3860.00000000 136.00000000 40.00000000 0.17519182]
[3860.00000000 134.00000000 40.00000000 0.17519182]
[3860.00000000 132.00000000 40.00000000 0.17519182]
[3860.00000000 130.00000000 40.00000000 0.17519182]
[3860.00000000 128.00000000 40.00000000 0.17194854]
[3860.00000000 126.00000000 40.00000000 0.17194854]
[3860.00000000 124.00000000 40.00000000 0.17194854]
[3860.00000000 122.00000000 40.00000000 0.17194854]
[3860.00000000 120.00000000 40.00000000 0.17194854]
[3830.00000000 140.00000000 40.00000000 0.17454776]
[3830.00000000 138.00000000 40.00000000 0.17454776]
[3830.00000000 136.00000000 40.00000000 0.17454776]
[3830.00000000 134.00000000 40.00000000 0.17454776]
[3830.00000000 132.00000000 40.00000000 0.17454776]
[3830.00000000 130.00000000 40.00000000 0.17454776]
[3830.00000000 128.00000000 40.00000000 0.17123288]
[3830.00000000 126.00000000 40.00000000 0.17123288]
[3830.00000000 124.00000000 40.00000000 0.17123288]
[3830.00000000 122.00000000 40.00000000 0.17123288]
[3830.00000000 120.00000000 40.00000000 0.17123288]
[3800.00000000 140.00000000 40.00000000 0.17425680]
[3800.00000000 138.00000000 40.00000000 0.17425680]
[3800.00000000 136.00000000 40.00000000 0.17425680]
[3800.00000000 134.00000000 40.00000000 0.17425680]
[3800.00000000 132.00000000 40.00000000 0.17425680]
[3800.00000000 130.00000000 40.00000000 0.17425680]
[3800.00000000 128.00000000 40.00000000 0.17006173]
[3800.00000000 126.00000000 40.00000000 0.17006173]
[3800.00000000 124.00000000 40.00000000 0.17006173]
[3800.00000000 122.00000000 40.00000000 0.17006173]
[3800.00000000 120.00000000 40.00000000 0.17006173]
[3770.00000000 140.00000000 40.00000000 0.17381703]
[3770.00000000 138.00000000 40.00000000 0.17381703]
[3770.00000000 136.00000000 40.00000000 0.17381703]
[3770.00000000 134.00000000 40.00000000 0.17381703]
[3770.00000000 132.00000000 40.00000000 0.17381703]
[3770.00000000 130.00000000 40.00000000 0.17381703]
[3770.00000000 128.00000000 40.00000000 0.16948631]
[3770.00000000 126.00000000 40.00000000 0.16948631]
[3770.00000000 124.00000000 40.00000000 0.16948631]
[3770.00000000 122.00000000 40.00000000 0.16948631]
[3770.00000000 120.00000000 40.00000000 0.16948631]
[3740.00000000 140.00000000 40.00000000 0.17684078]
[3740.00000000 138.00000000 40.00000000 0.17684078]
[3740.00000000 136.00000000 40.00000000 0.17684078]
[3740.00000000 134.00000000 40.00000000 0.17684078]
[3740.00000000 132.00000000 40.00000000 0.17684078]
[3740.00000000 130.00000000 40.00000000 0.17684078]
[3740.00000000 128.00000000 40.00000000 0.17239264]
[3740.00000000 126.00000000 40.00000000 0.17239264]
[3740.00000000 124.00000000 40.00000000 0.17239264]
[3740.00000000 122.00000000 40.00000000 0.17239264]
[3740.00000000 120.00000000 40.00000000 0.17239264]
[3710.00000000 140.00000000 40.00000000 0.17724701]
[3710.00000000 138.00000000 40.00000000 0.17724701]
[3710.00000000 136.00000000 40.00000000 0.17724701]
[3710.00000000 134.00000000 40.00000000 0.17724701]
[3710.00000000 132.00000000 40.00000000 0.17724701]
[3710.00000000 130.00000000 40.00000000 0.17613991]
[3710.00000000 128.00000000 40.00000000 0.17268830]
[3710.00000000 126.00000000 40.00000000 0.17268830]
[3710.00000000 124.00000000 40.00000000 0.17268830]
[3710.00000000 122.00000000 40.00000000 0.17268830]
[3710.00000000 120.00000000 40.00000000 0.17268830]
[3680.00000000 140.00000000 40.00000000 0.17567150]
[3680.00000000 138.00000000 40.00000000 0.17567150]
[3680.00000000 136.00000000 40.00000000 0.17567150]
[3680.00000000 134.00000000 40.00000000 0.17427259]
[3680.00000000 132.00000000 40.00000000 0.17427259]
[3680.00000000 130.00000000 40.00000000 0.17321157]
[3680.00000000 128.00000000 40.00000000 0.16990146]
[3680.00000000 126.00000000 40.00000000 0.16990146]
[3680.00000000 124.00000000 40.00000000 0.16990146]
[3680.00000000 122.00000000 40.00000000 0.16990146]
[3680.00000000 120.00000000 40.00000000 0.16990146]
[3650.00000000 140.00000000 40.00000000 0.17625346]
[3650.00000000 138.00000000 40.00000000 0.17625346]
[3650.00000000 136.00000000 40.00000000 0.17625346]
[3650.00000000 134.00000000 40.00000000 0.17480171]
[3650.00000000 132.00000000 40.00000000 0.17480171]
[3650.00000000 130.00000000 40.00000000 0.17043427]
[3650.00000000 128.00000000 40.00000000 0.17043427]
[3650.00000000 126.00000000 40.00000000 0.17043427]
[3650.00000000 124.00000000 40.00000000 0.17043427]
[3650.00000000 122.00000000 40.00000000 0.17043427]
[3650.00000000 120.00000000 40.00000000 0.17043427]
