[4850.00000000 260.00000000 40.00000000 0.65425644]
[4850.00000000 258.00000000 40.00000000 0.65425644]
[4850.00000000 256.00000000 40.00000000 0.65425644]
[4850.00000000 254.00000000 40.00000000 0.65425644]
[4850.00000000 252.00000000 40.00000000 0.65425644]
[4850.00000000 250.00000000 40.00000000 0.65425644]
[4850.00000000 248.00000000 40.00000000 0.65425644]
[4850.00000000 246.00000000 40.00000000 0.65425644]
[4850.00000000 244.00000000 40.00000000 0.65425644]
[4850.00000000 242.00000000 40.00000000 0.65425644]
[4850.00000000 240.00000000 40.00000000 0.65425644]
[4820.00000000 260.00000000 40.00000000 0.65350586]
[4820.00000000 258.00000000 40.00000000 0.65350586]
[4820.00000000 256.00000000 40.00000000 0.65350586]
[4820.00000000 254.00000000 40.00000000 0.65350586]
[4820.00000000 252.00000000 40.00000000 0.65350586]
[4820.00000000 250.00000000 40.00000000 0.65350586]
[4820.00000000 248.00000000 40.00000000 0.65350586]
[4820.00000000 246.00000000 40.00000000 0.65350586]
[4820.00000000 244.00000000 40.00000000 0.65350586]
[4820.00000000 242.00000000 40.00000000 0.65350586]
[4820.00000000 240.00000000 40.00000000 0.65350586]
[4790.00000000 260.00000000 40.00000000 0.65404084]
[4790.00000000 258.00000000 40.00000000 0.65404084]
[4790.00000000 256.00000000 40.00000000 0.65404084]
[4790.00000000 254.00000000 40.00000000 0.65404084]
[4790.00000000 252.00000000 40.00000000 0.65404084]
[4790.00000000 250.00000000 40.00000000 0.65404084]
[4790.00000000 248.00000000 40.00000000 0.65404084]
[4790.00000000 246.00000000 40.00000000 0.65404084]
[4790.00000000 244.00000000 40.00000000 0.65404084]
[4790.00000000 242.00000000 40.00000000 0.65404084]
[4790.00000000 240.00000000 40.00000000 0.65404084]
[4760.00000000 260.00000000 40.00000000 0.65290291]
[4760.00000000 258.00000000 40.00000000 0.65290291]
[4760.00000000 256.00000000 40.00000000 0.65290291]
[4760.00000000 254.00000000 40.00000000 0.65290291]
[4760.00000000 252.00000000 40.00000000 0.65290291]
[4760.00000000 250.00000000 40.00000000 0.65290291]
[4760.00000000 248.00000000 40.00000000 0.65290291]
[4760.00000000 246.00000000 40.00000000 0.65290291]
[4760.00000000 244.00000000 40.00000000 0.65290291]
[4760.00000000 242.00000000 40.00000000 0.65290291]
[4760.00000000 240.00000000 40.00000000 0.65290291]
[4730.00000000 260.00000000 40.00000000 0.65330230]
[4730.00000000 258.00000000 40.00000000 0.65330230]
[4730.00000000 256.00000000 40.00000000 0.65330230]
[4730.00000000 254.00000000 40.00000000 0.65330230]
[4730.00000000 252.00000000 40.00000000 0.65330230]
[4730.00000000 250.00000000 40.00000000 0.65330230]
[4730.00000000 248.00000000 40.00000000 0.65330230]
[4730.00000000 246.00000000 40.00000000 0.65330230]
[4730.00000000 244.00000000 40.00000000 0.65330230]
[4730.00000000 242.00000000 40.00000000 0.65330230]
[4730.00000000 240.00000000 40.00000000 0.65330230]
[4700.00000000 260.00000000 40.00000000 0.65247219]
[4700.00000000 258.00000000 40.00000000 0.65247219]
[4700.00000000 256.00000000 40.00000000 0.65247219]
[4700.00000000 254.00000000 40.00000000 0.65247219]
[4700.00000000 252.00000000 40.00000000 0.65247219]
[4700.00000000 250.00000000 40.00000000 0.65247219]
[4700.00000000 248.00000000 40.00000000 0.65247219]
[4700.00000000 246.00000000 40.00000000 0.65247219]
[4700.00000000 244.00000000 40.00000000 0.65247219]
[4700.00000000 242.00000000 40.00000000 0.65247219]
[4700.00000000 240.00000000 40.00000000 0.65247219]
[4670.00000000 260.00000000 40.00000000 0.65312197]
[4670.00000000 258.00000000 40.00000000 0.65312197]
[4670.00000000 256.00000000 40.00000000 0.65312197]
[4670.00000000 254.00000000 40.00000000 0.65312197]
[4670.00000000 252.00000000 40.00000000 0.65312197]
[4670.00000000 250.00000000 40.00000000 0.65312197]
[4670.00000000 248.00000000 40.00000000 0.65312197]
[4670.00000000 246.00000000 40.00000000 0.65312197]
[4670.00000000 244.00000000 40.00000000 0.65312197]
[4670.00000000 242.00000000 40.00000000 0.65312197]
[4670.00000000 240.00000000 40.00000000 0.65312197]
[4640.00000000 260.00000000 40.00000000 0.65463971]
[4640.00000000 258.00000000 40.00000000 0.65463971]
[4640.00000000 256.00000000 40.00000000 0.65463971]
[4640.00000000 254.00000000 40.00000000 0.65463971]
[4640.00000000 252.00000000 40.00000000 0.65463971]
[4640.00000000 250.00000000 40.00000000 0.65463971]
[4640.00000000 248.00000000 40.00000000 0.65463971]
[4640.00000000 246.00000000 40.00000000 0.65463971]
[4640.00000000 244.00000000 40.00000000 0.65463971]
[4640.00000000 242.00000000 40.00000000 0.65463971]
[4640.00000000 240.00000000 40.00000000 0.65463971]
[4610.00000000 260.00000000 40.00000000 0.65450725]
[4610.00000000 258.00000000 40.00000000 0.65450725]
[4610.00000000 256.00000000 40.00000000 0.65450725]
[4610.00000000 254.00000000 40.00000000 0.65450725]
[4610.00000000 252.00000000 40.00000000 0.65450725]
[4610.00000000 250.00000000 40.00000000 0.65450725]
[4610.00000000 248.00000000 40.00000000 0.65450725]
[4610.00000000 246.00000000 40.00000000 0.65450725]
[4610.00000000 244.00000000 40.00000000 0.65450725]
[4610.00000000 242.00000000 40.00000000 0.65450725]
[4610.00000000 240.00000000 40.00000000 0.65450725]
[4580.00000000 260.00000000 40.00000000 0.65397960]
[4580.00000000 258.00000000 40.00000000 0.65397960]
[4580.00000000 256.00000000 40.00000000 0.65397960]
[4580.00000000 254.00000000 40.00000000 0.65397960]
[4580.00000000 252.00000000 40.00000000 0.65397960]
[4580.00000000 250.00000000 40.00000000 0.65397960]
[4580.00000000 248.00000000 40.00000000 0.65397960]
[4580.00000000 246.00000000 40.00000000 0.65397960]
[4580.00000000 244.00000000 40.00000000 0.65397960]
[4580.00000000 242.00000000 40.00000000 0.65397960]
[4580.00000000 240.00000000 40.00000000 0.65397960]
[4550.00000000 260.00000000 40.00000000 0.65283290]
[4550.00000000 258.00000000 40.00000000 0.65283290]
[4550.00000000 256.00000000 40.00000000 0.65283290]
[4550.00000000 254.00000000 40.00000000 0.65283290]
[4550.00000000 252.00000000 40.00000000 0.65283290]
[4550.00000000 250.00000000 40.00000000 0.65283290]
[4550.00000000 248.00000000 40.00000000 0.65283290]
[4550.00000000 246.00000000 40.00000000 0.65283290]
[4550.00000000 244.00000000 40.00000000 0.65283290]
[4550.00000000 242.00000000 40.00000000 0.65283290]
[4550.00000000 240.00000000 40.00000000 0.65283290]
