[4250.00000000 140.00000000 40.00000000 0.17122361]
[4250.00000000 138.00000000 40.00000000 0.17122361]
[4250.00000000 136.00000000 40.00000000 0.17122361]
[4250.00000000 134.00000000 40.00000000 0.17122361]
[4250.00000000 132.00000000 40.00000000 0.17122361]
[4250.00000000 130.00000000 40.00000000 0.17122361]
[4250.00000000 128.00000000 40.00000000 0.16970188]
[4250.00000000 126.00000000 40.00000000 0.16737920]
[4250.00000000 124.00000000 40.00000000 0.16737920]
[4250.00000000 122.00000000 40.00000000 0.16633554]
[4250.00000000 120.00000000 40.00000000 0.16633554]
[4220.00000000 140.00000000 40.00000000 0.17151832]
[4220.00000000 138.00000000 40.00000000 0.17151832]
[4220.00000000 136.00000000 40.00000000 0.17151832]
[4220.00000000 134.00000000 40.00000000 0.17151832]
[4220.00000000 132.00000000 40.00000000 0.17151832]
[4220.00000000 130.00000000 40.00000000 0.16905251]
[4220.00000000 128.00000000 40.00000000 0.16755788]
[4220.00000000 126.00000000 40.00000000 0.16755788]
[4220.00000000 124.00000000 40.00000000 0.16755788]
[4220.00000000 122.00000000 40.00000000 0.16649057]
[4220.00000000 120.00000000 40.00000000 0.16489759]
[4190.00000000 140.00000000 40.00000000 0.17877853]
[4190.00000000 138.00000000 40.00000000 0.17617021]
[4190.00000000 136.00000000 40.00000000 0.17617021]
[4190.00000000 134.00000000 40.00000000 0.17617021]
[4190.00000000 132.00000000 40.00000000 0.17617021]
[4190.00000000 130.00000000 40.00000000 0.17360570]
[4190.00000000 128.00000000 40.00000000 0.17206983]
[4190.00000000 126.00000000 40.00000000 0.17206983]
[4190.00000000 124.00000000 40.00000000 0.17206983]
[4190.00000000 122.00000000 40.00000000 0.17099363]
[4190.00000000 120.00000000 40.00000000 0.16937463]
[4160.00000000 140.00000000 40.00000000 0.17411260]
[4160.00000000 138.00000000 40.00000000 0.17411260]
[4160.00000000 136.00000000 40.00000000 0.17411260]
[4160.00000000 134.00000000 40.00000000 0.17210700]
[4160.00000000 132.00000000 40.00000000 0.16963819]
[4160.00000000 130.00000000 40.00000000 0.16811995]
[4160.00000000 128.00000000 40.00000000 0.16811995]
[4160.00000000 126.00000000 40.00000000 0.16811995]
[4160.00000000 124.00000000 40.00000000 0.16811995]
[4160.00000000 122.00000000 40.00000000 0.16708137]
[4160.00000000 120.00000000 40.00000000 0.16553327]
[4130.00000000 140.00000000 40.00000000 0.17328488]
[4130.00000000 138.00000000 40.00000000 0.17328488]
[4130.00000000 136.00000000 40.00000000 0.17119589]
[4130.00000000 134.00000000 40.00000000 0.17119589]
[4130.00000000 132.00000000 40.00000000 0.16873813]
[4130.00000000 130.00000000 40.00000000 0.16718452]
[4130.00000000 128.00000000 40.00000000 0.16718452]
[4130.00000000 126.00000000 40.00000000 0.16482590]
[4130.00000000 124.00000000 40.00000000 0.16482590]
[4130.00000000 122.00000000 40.00000000 0.16382682]
[4130.00000000 120.00000000 40.00000000 0.16234395]
[4100.00000000 140.00000000 40.00000000 0.17047685]
[4100.00000000 138.00000000 40.00000000 0.16845408]
[4100.00000000 136.00000000 40.00000000 0.16845408]
[4100.00000000 134.00000000 40.00000000 0.16845408]
[4100.00000000 132.00000000 40.00000000 0.16603413]
[4100.00000000 130.00000000 40.00000000 0.16453545]
[4100.00000000 128.00000000 40.00000000 0.16453545]
[4100.00000000 126.00000000 40.00000000 0.16453545]
[4100.00000000 124.00000000 40.00000000 0.16453545]
[4100.00000000 122.00000000 40.00000000 0.16354674]
[4100.00000000 120.00000000 40.00000000 0.16207464]
[4070.00000000 140.00000000 40.00000000 0.16697688]
[4070.00000000 138.00000000 40.00000000 0.16697688]
[4070.00000000 136.00000000 40.00000000 0.16697688]
[4070.00000000 134.00000000 40.00000000 0.16697688]
[4070.00000000 132.00000000 40.00000000 0.16289306]
[4070.00000000 130.00000000 40.00000000 0.16289306]
[4070.00000000 128.00000000 40.00000000 0.16289306]
[4070.00000000 126.00000000 40.00000000 0.16289306]
[4070.00000000 124.00000000 40.00000000 0.16289306]
[4070.00000000 122.00000000 40.00000000 0.16192638]
[4070.00000000 120.00000000 40.00000000 0.16047810]
[4040.00000000 140.00000000 40.00000000 0.15986642]
[4040.00000000 138.00000000 40.00000000 0.15986642]
[4040.00000000 136.00000000 40.00000000 0.15986642]
[4040.00000000 134.00000000 40.00000000 0.15986642]
[4040.00000000 132.00000000 40.00000000 0.15758734]
[4040.00000000 130.00000000 40.00000000 0.15758734]
[4040.00000000 128.00000000 40.00000000 0.15758734]
[4040.00000000 126.00000000 40.00000000 0.15758734]
[4040.00000000 124.00000000 40.00000000 0.15603396]
[4040.00000000 122.00000000 40.00000000 0.15514493]
[4040.00000000 120.00000000 40.00000000 0.15381825]
[4010.00000000 140.00000000 40.00000000 0.15788781]
[4010.00000000 138.00000000 40.00000000 0.15788781]
[4010.00000000 136.00000000 40.00000000 0.15788781]
[4010.00000000 134.00000000 40.00000000 0.15669575]
[4010.00000000 132.00000000 40.00000000 0.15669575]
[4010.00000000 130.00000000 40.00000000 0.15669575]
[4010.00000000 128.00000000 40.00000000 0.15669575]
[4010.00000000 126.00000000 40.00000000 0.15669575]
[4010.00000000 124.00000000 40.00000000 0.15425764]
[4010.00000000 122.00000000 40.00000000 0.15425764]
[4010.00000000 120.00000000 40.00000000 0.15295948]
[3980.00000000 140.00000000 40.00000000 0.15536954]
[3980.00000000 138.00000000 40.00000000 0.15536954]
[3980.00000000 136.00000000 40.00000000 0.15536954]
[3980.00000000 134.00000000 40.00000000 0.15536954]
[3980.00000000 132.00000000 40.00000000 0.15536954]
[3980.00000000 130.00000000 40.00000000 0.15536954]
[3980.00000000 128.00000000 40.00000000 0.15536954]
[3980.00000000 126.00000000 40.00000000 0.15536954]
[3980.00000000 124.00000000 40.00000000 0.15298789]
[3980.00000000 122.00000000 40.00000000 0.15298789]
[3980.00000000 120.00000000 40.00000000 0.15172208]
[3950.00000000 140.00000000 40.00000000 0.15455159]
[3950.00000000 138.00000000 40.00000000 0.15455159]
[3950.00000000 136.00000000 40.00000000 0.15455159]
[3950.00000000 134.00000000 40.00000000 0.15455159]
[3950.00000000 132.00000000 40.00000000 0.15455159]
[3950.00000000 130.00000000 40.00000000 0.15455159]
[3950.00000000 128.00000000 40.00000000 0.15455159]
[3950.00000000 126.00000000 40.00000000 0.15297289]
[3950.00000000 124.00000000 40.00000000 0.15197680]
[3950.00000000 122.00000000 40.00000000 0.15072866]
[3950.00000000 120.00000000 40.00000000 0.15072866]
