[3500.00000000 50.00000000 40.00000000 0.04548513]
[3500.00000000 70.00000000 40.00000000 0.06790077]
[3500.00000000 90.00000000 40.00000000 0.09313137]
[3500.00000000 110.00000000 40.00000000 0.12553367]
[3500.00000000 130.00000000 40.00000000 0.16284783]
[3500.00000000 150.00000000 40.00000000 0.16296565]
[3500.00000000 170.00000000 40.00000000 0.17169564]
[3500.00000000 190.00000000 40.00000000 0.19802043]
[3500.00000000 210.00000000 40.00000000 0.22104152]
[3500.00000000 230.00000000 40.00000000 0.23542198]
[3500.00000000 250.00000000 40.00000000 0.23542198]
[3800.00000000 50.00000000 40.00000000 0.06975293]
[3800.00000000 70.00000000 40.00000000 0.10833936]
[3800.00000000 90.00000000 40.00000000 0.13895501]
[3800.00000000 110.00000000 40.00000000 0.20641295]
[3800.00000000 130.00000000 40.00000000 0.24681045]
[3800.00000000 150.00000000 40.00000000 0.24694215]
[3800.00000000 170.00000000 40.00000000 0.25754180]
[3800.00000000 190.00000000 40.00000000 0.29371867]
[3800.00000000 210.00000000 40.00000000 0.29371867]
[3800.00000000 230.00000000 40.00000000 0.31568938]
[3800.00000000 250.00000000 40.00000000 0.31568938]
[4100.00000000 50.00000000 40.00000000 0.10285164]
[4100.00000000 70.00000000 40.00000000 0.15442890]
[4100.00000000 90.00000000 40.00000000 0.19962335]
[4100.00000000 110.00000000 40.00000000 0.27573051]
[4100.00000000 130.00000000 40.00000000 0.31590024]
[4100.00000000 150.00000000 40.00000000 0.32617371]
[4100.00000000 170.00000000 40.00000000 0.32617371]
[4100.00000000 190.00000000 40.00000000 0.32617371]
[4100.00000000 210.00000000 40.00000000 0.32617371]
[4100.00000000 230.00000000 40.00000000 0.30365761]
[4100.00000000 250.00000000 40.00000000 0.30365761]
[4400.00000000 50.00000000 40.00000000 0.14571349]
[4400.00000000 70.00000000 40.00000000 0.20483158]
[4400.00000000 90.00000000 40.00000000 0.28872902]
[4400.00000000 110.00000000 40.00000000 0.32016655]
[4400.00000000 130.00000000 40.00000000 0.35456132]
[4400.00000000 150.00000000 40.00000000 0.33956426]
[4400.00000000 170.00000000 40.00000000 0.33956426]
[4400.00000000 190.00000000 40.00000000 0.33956426]
[4400.00000000 210.00000000 40.00000000 0.27923662]
[4400.00000000 230.00000000 40.00000000 0.27923662]
[4400.00000000 250.00000000 40.00000000 0.27923662]
[4700.00000000 50.00000000 40.00000000 0.21477725]
[4700.00000000 70.00000000 40.00000000 0.25526507]
[4700.00000000 90.00000000 40.00000000 0.31958177]
[4700.00000000 110.00000000 40.00000000 0.32925624]
[4700.00000000 130.00000000 40.00000000 0.33564909]
[4700.00000000 150.00000000 40.00000000 0.33564909]
[4700.00000000 170.00000000 40.00000000 0.33564909]
[4700.00000000 190.00000000 40.00000000 0.30653125]
[4700.00000000 210.00000000 40.00000000 0.27238525]
[4700.00000000 230.00000000 40.00000000 0.27238525]
[4700.00000000 250.00000000 40.00000000 0.21288608]
[5000.00000000 50.00000000 40.00000000 0.24778922]
[5000.00000000 70.00000000 40.00000000 0.28359511]
[5000.00000000 90.00000000 40.00000000 0.34197027]
[5000.00000000 110.00000000 40.00000000 0.34412337]
[5000.00000000 130.00000000 40.00000000 0.32695603]
[5000.00000000 150.00000000 40.00000000 0.32695603]
[5000.00000000 170.00000000 40.00000000 0.26630265]
[5000.00000000 190.00000000 40.00000000 0.26630265]
[5000.00000000 210.00000000 40.00000000 0.22696164]
[5000.00000000 230.00000000 40.00000000 0.22696164]
[5000.00000000 250.00000000 40.00000000 0.16136962]
[5300.00000000 50.00000000 40.00000000 0.27928711]
[5300.00000000 70.00000000 40.00000000 0.31119280]
[5300.00000000 90.00000000 40.00000000 0.35272989]
[5300.00000000 110.00000000 40.00000000 0.34112353]
[5300.00000000 130.00000000 40.00000000 0.30592503]
[5300.00000000 150.00000000 40.00000000 0.28008719]
[5300.00000000 170.00000000 40.00000000 0.24065844]
[5300.00000000 190.00000000 40.00000000 0.24065844]
[5300.00000000 210.00000000 40.00000000 0.20050083]
[5300.00000000 230.00000000 40.00000000 0.20050083]
[5300.00000000 250.00000000 40.00000000 0.06964573]
[5600.00000000 50.00000000 40.00000000 0.29948602]
[5600.00000000 70.00000000 40.00000000 0.32115656]
[5600.00000000 90.00000000 40.00000000 0.34184056]
[5600.00000000 110.00000000 40.00000000 0.29857746]
[5600.00000000 130.00000000 40.00000000 0.29857746]
[5600.00000000 150.00000000 40.00000000 0.27512462]
[5600.00000000 170.00000000 40.00000000 0.23398471]
[5600.00000000 190.00000000 40.00000000 0.23398471]
[5600.00000000 210.00000000 40.00000000 0.19873114]
[5600.00000000 230.00000000 40.00000000 0.12436596]
[5600.00000000 250.00000000 40.00000000 0.06608199]
[5900.00000000 50.00000000 40.00000000 0.30780285]
[5900.00000000 70.00000000 40.00000000 0.28842749]
[5900.00000000 90.00000000 40.00000000 0.28842749]
[5900.00000000 110.00000000 40.00000000 0.26054467]
[5900.00000000 130.00000000 40.00000000 0.26054467]
[5900.00000000 150.00000000 40.00000000 0.26054467]
[5900.00000000 170.00000000 40.00000000 0.21785652]
[5900.00000000 190.00000000 40.00000000 0.17911255]
[5900.00000000 210.00000000 40.00000000 0.14438794]
[5900.00000000 230.00000000 40.00000000 0.06180223]
[5900.00000000 250.00000000 40.00000000 0.00000000]
[6200.00000000 50.00000000 40.00000000 0.31067059]
[6200.00000000 70.00000000 40.00000000 0.27964837]
[6200.00000000 90.00000000 40.00000000 0.26887506]
[6200.00000000 110.00000000 40.00000000 0.22384220]
[6200.00000000 130.00000000 40.00000000 0.22384220]
[6200.00000000 150.00000000 40.00000000 0.22384220]
[6200.00000000 170.00000000 40.00000000 0.17935274]
[6200.00000000 190.00000000 40.00000000 0.14086061]
[6200.00000000 210.00000000 40.00000000 0.14086061]
[6200.00000000 230.00000000 40.00000000 0.05823293]
[6200.00000000 250.00000000 40.00000000 0.00000000]
[6500.00000000 50.00000000 40.00000000 0.29838575]
[6500.00000000 70.00000000 40.00000000 0.24521739]
[6500.00000000 90.00000000 40.00000000 0.23200000]
[6500.00000000 110.00000000 40.00000000 0.19061894]
[6500.00000000 130.00000000 40.00000000 0.16812110]
[6500.00000000 150.00000000 40.00000000 0.16812110]
[6500.00000000 170.00000000 40.00000000 0.12422825]
[6500.00000000 190.00000000 40.00000000 0.08740360]
[6500.00000000 210.00000000 40.00000000 0.08740360]
[6500.00000000 230.00000000 40.00000000 0.00000000]
[6500.00000000 250.00000000 40.00000000 0.00000000]
