[5615.00000000 97.00000000 40.00000000 0.45877901]
[5615.00000000 96.00000000 40.00000000 0.45877901]
[5615.00000000 95.00000000 40.00000000 0.45877901]
[5612.00000000 97.00000000 40.00000000 0.45851211]
[5612.00000000 96.00000000 40.00000000 0.45851211]
[5612.00000000 95.00000000 40.00000000 0.45851211]
[5609.00000000 97.00000000 40.00000000 0.45894844]
[5609.00000000 96.00000000 40.00000000 0.45894844]
[5609.00000000 95.00000000 40.00000000 0.45894844]
[5606.00000000 97.00000000 40.00000000 0.45889963]
[5606.00000000 96.00000000 40.00000000 0.45889963]
[5606.00000000 95.00000000 40.00000000 0.45889963]
[5603.00000000 97.00000000 40.00000000 0.45891157]
[5603.00000000 96.00000000 40.00000000 0.45891157]
[5603.00000000 95.00000000 40.00000000 0.45891157]
[5600.00000000 97.00000000 40.00000000 0.45877824]
[5600.00000000 96.00000000 40.00000000 0.45877824]
[5600.00000000 95.00000000 40.00000000 0.45877824]
[5597.00000000 97.00000000 40.00000000 0.45889615]
[5597.00000000 96.00000000 40.00000000 0.45889615]
[5597.00000000 95.00000000 40.00000000 0.45889615]
[5594.00000000 97.00000000 40.00000000 0.45904139]
[5594.00000000 96.00000000 40.00000000 0.45904139]
[5594.00000000 95.00000000 40.00000000 0.45904139]
[5591.00000000 97.00000000 40.00000000 0.45908068]
[5591.00000000 96.00000000 40.00000000 0.45908068]
[5591.00000000 95.00000000 40.00000000 0.45908068]
[5588.00000000 97.00000000 40.00000000 0.45922591]
[5588.00000000 96.00000000 40.00000000 0.45922591]
[5588.00000000 95.00000000 40.00000000 0.45922591]
[5585.00000000 97.00000000 40.00000000 0.45941040]
[5585.00000000 96.00000000 40.00000000 0.45941040]
[5585.00000000 95.00000000 40.00000000 0.45941040]
