[4775.00000000 261.00000000 40.00000000 0.59318085]
[4775.00000000 260.00000000 40.00000000 0.59318085]
[4775.00000000 259.00000000 40.00000000 0.59318085]
[4772.00000000 261.00000000 40.00000000 0.59342906]
[4772.00000000 260.00000000 40.00000000 0.59342906]
[4772.00000000 259.00000000 40.00000000 0.59342906]
[4769.00000000 261.00000000 40.00000000 0.59351526]
[4769.00000000 260.00000000 40.00000000 0.59351526]
[4769.00000000 259.00000000 40.00000000 0.59351526]
[4766.00000000 261.00000000 40.00000000 0.59353459]
[4766.00000000 260.00000000 40.00000000 0.59353459]
[4766.00000000 259.00000000 40.00000000 0.59353459]
[4763.00000000 261.00000000 40.00000000 0.59347237]
[4763.00000000 260.00000000 40.00000000 0.59347237]
[4763.00000000 259.00000000 40.00000000 0.59347237]
[4760.00000000 261.00000000 40.00000000 0.59345461]
[4760.00000000 260.00000000 40.00000000 0.59345461]
[4760.00000000 259.00000000 40.00000000 0.59345461]
[4757.00000000 261.00000000 40.00000000 0.59428137]
[4757.00000000 260.00000000 40.00000000 0.59428137]
[4757.00000000 259.00000000 40.00000000 0.59428137]
[4754.00000000 261.00000000 40.00000000 0.59458561]
[4754.00000000 260.00000000 40.00000000 0.59458561]
[4754.00000000 259.00000000 40.00000000 0.59458561]
[4751.00000000 261.00000000 40.00000000 0.59329101]
[4751.00000000 260.00000000 40.00000000 0.59329101]
[4751.00000000 259.00000000 40.00000000 0.59329101]
[4748.00000000 261.00000000 40.00000000 0.59304858]
[4748.00000000 260.00000000 40.00000000 0.59304858]
[4748.00000000 259.00000000 40.00000000 0.59304858]
[4745.00000000 261.00000000 40.00000000 0.59307831]
[4745.00000000 260.00000000 40.00000000 0.59307831]
[4745.00000000 259.00000000 40.00000000 0.59307831]
