[6500.00000000 250.00000000 40.00000000 0.00000000]
[6500.00000000 230.00000000 40.00000000 0.00000000]
[6500.00000000 210.00000000 40.00000000 0.00000000]
[6500.00000000 190.00000000 40.00000000 0.07412976]
[6500.00000000 170.00000000 40.00000000 0.07412976]
[6500.00000000 150.00000000 40.00000000 0.07303595]
[6500.00000000 130.00000000 40.00000000 0.07303595]
[6500.00000000 110.00000000 40.00000000 0.07303595]
[6500.00000000 90.00000000 40.00000000 0.07119058]
[6500.00000000 70.00000000 40.00000000 0.08226790]
[6500.00000000 50.00000000 40.00000000 0.09210791]
[6200.00000000 250.00000000 40.00000000 0.00000000]
[6200.00000000 230.00000000 40.00000000 0.00000000]
[6200.00000000 210.00000000 40.00000000 0.08022873]
[6200.00000000 190.00000000 40.00000000 0.08022873]
[6200.00000000 170.00000000 40.00000000 0.08022873]
[6200.00000000 150.00000000 40.00000000 0.07887564]
[6200.00000000 130.00000000 40.00000000 0.07813027]
[6200.00000000 110.00000000 40.00000000 0.07813027]
[6200.00000000 90.00000000 40.00000000 0.09531258]
[6200.00000000 70.00000000 40.00000000 0.10620906]
[6200.00000000 50.00000000 40.00000000 0.10007900]
[5900.00000000 250.00000000 40.00000000 0.00000000]
[5900.00000000 230.00000000 40.00000000 0.00000000]
[5900.00000000 210.00000000 40.00000000 0.09060499]
[5900.00000000 190.00000000 40.00000000 0.09060499]
[5900.00000000 170.00000000 40.00000000 0.09060499]
[5900.00000000 150.00000000 40.00000000 0.08896313]
[5900.00000000 130.00000000 40.00000000 0.08804573]
[5900.00000000 110.00000000 40.00000000 0.08699264]
[5900.00000000 90.00000000 40.00000000 0.10839891]
[5900.00000000 70.00000000 40.00000000 0.11960357]
[5900.00000000 50.00000000 40.00000000 0.10982989]
[5600.00000000 250.00000000 40.00000000 0.00000000]
[5600.00000000 230.00000000 40.00000000 0.10171135]
[5600.00000000 210.00000000 40.00000000 0.10171135]
[5600.00000000 190.00000000 40.00000000 0.10171135]
[5600.00000000 170.00000000 40.00000000 0.10171135]
[5600.00000000 150.00000000 40.00000000 0.09982644]
[5600.00000000 130.00000000 40.00000000 0.09869914]
[5600.00000000 110.00000000 40.00000000 0.09572126]
[5600.00000000 90.00000000 40.00000000 0.11955383]
[5600.00000000 70.00000000 40.00000000 0.13172448]
[5600.00000000 50.00000000 40.00000000 0.12705861]
[5300.00000000 250.00000000 40.00000000 0.10686547]
[5300.00000000 230.00000000 40.00000000 0.10686547]
[5300.00000000 210.00000000 40.00000000 0.10686547]
[5300.00000000 190.00000000 40.00000000 0.10686547]
[5300.00000000 170.00000000 40.00000000 0.10686547]
[5300.00000000 150.00000000 40.00000000 0.10476879]
[5300.00000000 130.00000000 40.00000000 0.10342936]
[5300.00000000 110.00000000 40.00000000 0.10015940]
[5300.00000000 90.00000000 40.00000000 0.12561856]
[5300.00000000 70.00000000 40.00000000 0.13516373]
[5300.00000000 50.00000000 40.00000000 0.12815993]
[5000.00000000 250.00000000 40.00000000 0.11667326]
[5000.00000000 230.00000000 40.00000000 0.11667326]
[5000.00000000 210.00000000 40.00000000 0.11455675]
[5000.00000000 190.00000000 40.00000000 0.11189380]
[5000.00000000 170.00000000 40.00000000 0.10713359]
[5000.00000000 150.00000000 40.00000000 0.10305934]
[5000.00000000 130.00000000 40.00000000 0.10305934]
[5000.00000000 110.00000000 40.00000000 0.11785144]
[5000.00000000 90.00000000 40.00000000 0.14098778]
[5000.00000000 70.00000000 40.00000000 0.12903897]
[5000.00000000 50.00000000 40.00000000 0.11596811]
[4700.00000000 250.00000000 40.00000000 0.11037016]
[4700.00000000 230.00000000 40.00000000 0.11037016]
[4700.00000000 210.00000000 40.00000000 0.10190514]
[4700.00000000 190.00000000 40.00000000 0.10190514]
[4700.00000000 170.00000000 40.00000000 0.11926319]
[4700.00000000 150.00000000 40.00000000 0.11483788]
[4700.00000000 130.00000000 40.00000000 0.13617464]
[4700.00000000 110.00000000 40.00000000 0.12853723]
[4700.00000000 90.00000000 40.00000000 0.15349589]
[4700.00000000 70.00000000 40.00000000 0.13813159]
[4700.00000000 50.00000000 40.00000000 0.13255573]
[4400.00000000 250.00000000 40.00000000 0.09711757]
[4400.00000000 230.00000000 40.00000000 0.09711757]
[4400.00000000 210.00000000 40.00000000 0.09556314]
[4400.00000000 190.00000000 40.00000000 0.11042738]
[4400.00000000 170.00000000 40.00000000 0.12835227]
[4400.00000000 150.00000000 40.00000000 0.15085396]
[4400.00000000 130.00000000 40.00000000 0.14627044]
[4400.00000000 110.00000000 40.00000000 0.13999328]
[4400.00000000 90.00000000 40.00000000 0.15292828]
[4400.00000000 70.00000000 40.00000000 0.13887151]
[4400.00000000 50.00000000 40.00000000 0.13765842]
[4100.00000000 250.00000000 40.00000000 0.12417744]
[4100.00000000 230.00000000 40.00000000 0.12417744]
[4100.00000000 210.00000000 40.00000000 0.11688032]
[4100.00000000 190.00000000 40.00000000 0.13518320]
[4100.00000000 170.00000000 40.00000000 0.15143435]
[4100.00000000 150.00000000 40.00000000 0.14931101]
[4100.00000000 130.00000000 40.00000000 0.16453545]
[4100.00000000 110.00000000 40.00000000 0.15874210]
[4100.00000000 90.00000000 40.00000000 0.14613386]
[4100.00000000 70.00000000 40.00000000 0.14080153]
[4100.00000000 50.00000000 40.00000000 0.13204599]
[3800.00000000 250.00000000 40.00000000 0.12820195]
[3800.00000000 230.00000000 40.00000000 0.12820195]
[3800.00000000 210.00000000 40.00000000 0.12659624]
[3800.00000000 190.00000000 40.00000000 0.12493348]
[3800.00000000 170.00000000 40.00000000 0.13954444]
[3800.00000000 150.00000000 40.00000000 0.13153876]
[3800.00000000 130.00000000 40.00000000 0.14816760]
[3800.00000000 110.00000000 40.00000000 0.14355974]
[3800.00000000 90.00000000 40.00000000 0.13199751]
[3800.00000000 70.00000000 40.00000000 0.12312503]
[3800.00000000 50.00000000 40.00000000 0.11699687]
[3500.00000000 250.00000000 40.00000000 0.10962649]
[3500.00000000 230.00000000 40.00000000 0.10772462]
[3500.00000000 210.00000000 40.00000000 0.10473650]
[3500.00000000 190.00000000 40.00000000 0.10473650]
[3500.00000000 170.00000000 40.00000000 0.11627481]
[3500.00000000 150.00000000 40.00000000 0.11440205]
[3500.00000000 130.00000000 40.00000000 0.12928246]
[3500.00000000 110.00000000 40.00000000 0.12218132]
[3500.00000000 90.00000000 40.00000000 0.11967022]
[3500.00000000 70.00000000 40.00000000 0.11382508]
[3500.00000000 50.00000000 40.00000000 0.10734371]
