[3650.00000000 60.00000000 40.00000000 0.02771811]
[3650.00000000 58.00000000 40.00000000 0.02687206]
[3650.00000000 56.00000000 40.00000000 0.02660491]
[3650.00000000 54.00000000 40.00000000 0.02703303]
[3650.00000000 52.00000000 40.00000000 0.02730135]
[3650.00000000 50.00000000 40.00000000 0.02766568]
[3650.00000000 48.00000000 40.00000000 0.02977739]
[3650.00000000 46.00000000 40.00000000 0.02895255]
[3650.00000000 44.00000000 40.00000000 0.02993285]
[3650.00000000 42.00000000 40.00000000 0.02841417]
[3650.00000000 40.00000000 40.00000000 0.02905967]
[3620.00000000 60.00000000 40.00000000 0.02785418]
[3620.00000000 58.00000000 40.00000000 0.02699790]
[3620.00000000 56.00000000 40.00000000 0.02668386]
[3620.00000000 54.00000000 40.00000000 0.02710677]
[3620.00000000 52.00000000 40.00000000 0.02835376]
[3620.00000000 50.00000000 40.00000000 0.02902735]
[3620.00000000 48.00000000 40.00000000 0.03106751]
[3620.00000000 46.00000000 40.00000000 0.03044025]
[3620.00000000 44.00000000 40.00000000 0.03112195]
[3620.00000000 42.00000000 40.00000000 0.02961313]
[3620.00000000 40.00000000 40.00000000 0.03017930]
[3590.00000000 60.00000000 40.00000000 0.02816368]
[3590.00000000 58.00000000 40.00000000 0.02727709]
[3590.00000000 56.00000000 40.00000000 0.02695546]
[3590.00000000 54.00000000 40.00000000 0.02736946]
[3590.00000000 52.00000000 40.00000000 0.02856838]
[3590.00000000 50.00000000 40.00000000 0.03122263]
[3590.00000000 48.00000000 40.00000000 0.03099824]
[3590.00000000 46.00000000 40.00000000 0.03184933]
[3590.00000000 44.00000000 40.00000000 0.03083091]
[3590.00000000 42.00000000 40.00000000 0.02953750]
[3590.00000000 40.00000000 40.00000000 0.03012184]
[3560.00000000 60.00000000 40.00000000 0.02822163]
[3560.00000000 58.00000000 40.00000000 0.02734234]
[3560.00000000 56.00000000 40.00000000 0.02665726]
[3560.00000000 54.00000000 40.00000000 0.02716036]
[3560.00000000 52.00000000 40.00000000 0.02842849]
[3560.00000000 50.00000000 40.00000000 0.03135667]
[3560.00000000 48.00000000 40.00000000 0.03109371]
[3560.00000000 46.00000000 40.00000000 0.03148246]
[3560.00000000 44.00000000 40.00000000 0.03028275]
[3560.00000000 42.00000000 40.00000000 0.02952428]
[3560.00000000 40.00000000 40.00000000 0.03002294]
[3530.00000000 60.00000000 40.00000000 0.02832821]
[3530.00000000 58.00000000 40.00000000 0.02720809]
[3530.00000000 56.00000000 40.00000000 0.02740092]
[3530.00000000 54.00000000 40.00000000 0.02727563]
[3530.00000000 52.00000000 40.00000000 0.02869444]
[3530.00000000 50.00000000 40.00000000 0.03167432]
[3530.00000000 48.00000000 40.00000000 0.03136167]
[3530.00000000 46.00000000 40.00000000 0.03178379]
[3530.00000000 44.00000000 40.00000000 0.03049045]
[3530.00000000 42.00000000 40.00000000 0.02955229]
[3530.00000000 40.00000000 40.00000000 0.03010084]
[3500.00000000 60.00000000 40.00000000 0.02839072]
[3500.00000000 58.00000000 40.00000000 0.02732906]
[3500.00000000 56.00000000 40.00000000 0.02756945]
[3500.00000000 54.00000000 40.00000000 0.02744335]
[3500.00000000 52.00000000 40.00000000 0.02910850]
[3500.00000000 50.00000000 40.00000000 0.03220174]
[3500.00000000 48.00000000 40.00000000 0.03188205]
[3500.00000000 46.00000000 40.00000000 0.03181376]
[3500.00000000 44.00000000 40.00000000 0.03098254]
[3500.00000000 42.00000000 40.00000000 0.03108548]
[3500.00000000 40.00000000 40.00000000 0.03133848]
[3470.00000000 60.00000000 40.00000000 0.03026675]
[3470.00000000 58.00000000 40.00000000 0.02871863]
[3470.00000000 56.00000000 40.00000000 0.02936639]
[3470.00000000 54.00000000 40.00000000 0.02961889]
[3470.00000000 52.00000000 40.00000000 0.03061810]
[3470.00000000 50.00000000 40.00000000 0.03344229]
[3470.00000000 48.00000000 40.00000000 0.03292824]
[3470.00000000 46.00000000 40.00000000 0.03308068]
[3470.00000000 44.00000000 40.00000000 0.03226094]
[3470.00000000 42.00000000 40.00000000 0.03229348]
[3470.00000000 40.00000000 40.00000000 0.03243699]
[3440.00000000 60.00000000 40.00000000 0.03031473]
[3440.00000000 58.00000000 40.00000000 0.02958226]
[3440.00000000 56.00000000 40.00000000 0.03023130]
[3440.00000000 54.00000000 40.00000000 0.03046901]
[3440.00000000 52.00000000 40.00000000 0.03057027]
[3440.00000000 50.00000000 40.00000000 0.03337916]
[3440.00000000 48.00000000 40.00000000 0.03459946]
[3440.00000000 46.00000000 40.00000000 0.03284286]
[3440.00000000 44.00000000 40.00000000 0.03216183]
[3440.00000000 42.00000000 40.00000000 0.03241890]
[3440.00000000 40.00000000 40.00000000 0.03248558]
[3410.00000000 60.00000000 40.00000000 0.02962028]
[3410.00000000 58.00000000 40.00000000 0.02929482]
[3410.00000000 56.00000000 40.00000000 0.03000025]
[3410.00000000 54.00000000 40.00000000 0.03006202]
[3410.00000000 52.00000000 40.00000000 0.03229541]
[3410.00000000 50.00000000 40.00000000 0.03315299]
[3410.00000000 48.00000000 40.00000000 0.03426573]
[3410.00000000 46.00000000 40.00000000 0.03257762]
[3410.00000000 44.00000000 40.00000000 0.03183757]
[3410.00000000 42.00000000 40.00000000 0.03220062]
[3410.00000000 40.00000000 40.00000000 0.03224354]
[3380.00000000 60.00000000 40.00000000 0.02958785]
[3380.00000000 58.00000000 40.00000000 0.02929881]
[3380.00000000 56.00000000 40.00000000 0.02999445]
[3380.00000000 54.00000000 40.00000000 0.03004760]
[3380.00000000 52.00000000 40.00000000 0.03222262]
[3380.00000000 50.00000000 40.00000000 0.03304655]
[3380.00000000 48.00000000 40.00000000 0.03379087]
[3380.00000000 46.00000000 40.00000000 0.03241753]
[3380.00000000 44.00000000 40.00000000 0.03141317]
[3380.00000000 42.00000000 40.00000000 0.03195369]
[3380.00000000 40.00000000 40.00000000 0.03198084]
[3350.00000000 60.00000000 40.00000000 0.02955292]
[3350.00000000 58.00000000 40.00000000 0.02926744]
[3350.00000000 56.00000000 40.00000000 0.03033131]
[3350.00000000 54.00000000 40.00000000 0.03016020]
[3350.00000000 52.00000000 40.00000000 0.03229676]
[3350.00000000 50.00000000 40.00000000 0.03330566]
[3350.00000000 48.00000000 40.00000000 0.03413826]
[3350.00000000 46.00000000 40.00000000 0.03289374]
[3350.00000000 44.00000000 40.00000000 0.03155475]
[3350.00000000 42.00000000 40.00000000 0.03196033]
[3350.00000000 40.00000000 40.00000000 0.03200158]
