[3725.00000000 141.00000000 40.00000000 0.17704403]
[3725.00000000 140.00000000 40.00000000 0.17704403]
[3725.00000000 139.00000000 40.00000000 0.17704403]
[3722.00000000 141.00000000 40.00000000 0.17704403]
[3722.00000000 140.00000000 40.00000000 0.17704403]
[3722.00000000 139.00000000 40.00000000 0.17704403]
[3719.00000000 141.00000000 40.00000000 0.17704403]
[3719.00000000 140.00000000 40.00000000 0.17704403]
[3719.00000000 139.00000000 40.00000000 0.17704403]
[3716.00000000 141.00000000 40.00000000 0.17704403]
[3716.00000000 140.00000000 40.00000000 0.17704403]
[3716.00000000 139.00000000 40.00000000 0.17704403]
[3713.00000000 141.00000000 40.00000000 0.17693275]
[3713.00000000 140.00000000 40.00000000 0.17693275]
[3713.00000000 139.00000000 40.00000000 0.17693275]
[3710.00000000 141.00000000 40.00000000 0.17724701]
[3710.00000000 140.00000000 40.00000000 0.17724701]
[3710.00000000 139.00000000 40.00000000 0.17724701]
[3707.00000000 141.00000000 40.00000000 0.17708006]
[3707.00000000 140.00000000 40.00000000 0.17708006]
[3707.00000000 139.00000000 40.00000000 0.17708006]
[3704.00000000 141.00000000 40.00000000 0.17747973]
[3704.00000000 140.00000000 40.00000000 0.17747973]
[3704.00000000 139.00000000 40.00000000 0.17747973]
[3701.00000000 141.00000000 40.00000000 0.17747973]
[3701.00000000 140.00000000 40.00000000 0.17747973]
[3701.00000000 139.00000000 40.00000000 0.17747973]
[3698.00000000 141.00000000 40.00000000 0.17742438]
[3698.00000000 140.00000000 40.00000000 0.17742438]
[3698.00000000 139.00000000 40.00000000 0.17742438]
[3695.00000000 141.00000000 40.00000000 0.17731380]
[3695.00000000 140.00000000 40.00000000 0.17731380]
[3695.00000000 139.00000000 40.00000000 0.17731380]
