[6500.00000000 250.00000000 40.00000000 0.00000000]
[6500.00000000 230.00000000 40.00000000 0.00000000]
[6500.00000000 210.00000000 40.00000000 0.00000000]
[6500.00000000 190.00000000 40.00000000 0.07894737]
[6500.00000000 170.00000000 40.00000000 0.07511830]
[6500.00000000 150.00000000 40.00000000 0.06761313]
[6500.00000000 130.00000000 40.00000000 0.11535777]
[6500.00000000 110.00000000 40.00000000 0.12761905]
[6500.00000000 90.00000000 40.00000000 0.10926612]
[6500.00000000 70.00000000 40.00000000 0.11272257]
[6500.00000000 50.00000000 40.00000000 0.08781581]
[6200.00000000 250.00000000 40.00000000 0.00000000]
[6200.00000000 230.00000000 40.00000000 0.00000000]
[6200.00000000 210.00000000 40.00000000 0.00000000]
[6200.00000000 190.00000000 40.00000000 0.07408829]
[6200.00000000 170.00000000 40.00000000 0.07055383]
[6200.00000000 150.00000000 40.00000000 0.06588155]
[6200.00000000 130.00000000 40.00000000 0.11592015]
[6200.00000000 110.00000000 40.00000000 0.10171053]
[6200.00000000 90.00000000 40.00000000 0.09650437]
[6200.00000000 70.00000000 40.00000000 0.09568898]
[6200.00000000 50.00000000 40.00000000 0.07408913]
[5900.00000000 250.00000000 40.00000000 0.00000000]
[5900.00000000 230.00000000 40.00000000 0.00000000]
[5900.00000000 210.00000000 40.00000000 0.00000000]
[5900.00000000 190.00000000 40.00000000 0.07468568]
[5900.00000000 170.00000000 40.00000000 0.07100803]
[5900.00000000 150.00000000 40.00000000 0.08440066]
[5900.00000000 130.00000000 40.00000000 0.14027615]
[5900.00000000 110.00000000 40.00000000 0.11892902]
[5900.00000000 90.00000000 40.00000000 0.11111111]
[5900.00000000 70.00000000 40.00000000 0.09642166]
[5900.00000000 50.00000000 40.00000000 0.07057292]
[5600.00000000 250.00000000 40.00000000 0.00000000]
[5600.00000000 230.00000000 40.00000000 0.00000000]
[5600.00000000 210.00000000 40.00000000 0.08713080]
[5600.00000000 190.00000000 40.00000000 0.07533747]
[5600.00000000 170.00000000 40.00000000 0.07139153]
[5600.00000000 150.00000000 40.00000000 0.12694492]
[5600.00000000 130.00000000 40.00000000 0.11713765]
[5600.00000000 110.00000000 40.00000000 0.11461701]
[5600.00000000 90.00000000 40.00000000 0.09033392]
[5600.00000000 70.00000000 40.00000000 0.06683199]
[5600.00000000 50.00000000 40.00000000 0.05724491]
[5300.00000000 250.00000000 40.00000000 0.12268156]
[5300.00000000 230.00000000 40.00000000 0.11185819]
[5300.00000000 210.00000000 40.00000000 0.10352631]
[5300.00000000 190.00000000 40.00000000 0.09928792]
[5300.00000000 170.00000000 40.00000000 0.09517064]
[5300.00000000 150.00000000 40.00000000 0.11828891]
[5300.00000000 130.00000000 40.00000000 0.11828891]
[5300.00000000 110.00000000 40.00000000 0.10344536]
[5300.00000000 90.00000000 40.00000000 0.08645635]
[5300.00000000 70.00000000 40.00000000 0.06381497]
[5300.00000000 50.00000000 40.00000000 0.05056115]
[5000.00000000 250.00000000 40.00000000 0.06218414]
[5000.00000000 230.00000000 40.00000000 0.05919883]
[5000.00000000 210.00000000 40.00000000 0.05666800]
[5000.00000000 190.00000000 40.00000000 0.06605399]
[5000.00000000 170.00000000 40.00000000 0.05835448]
[5000.00000000 150.00000000 40.00000000 0.08772159]
[5000.00000000 130.00000000 40.00000000 0.08772159]
[5000.00000000 110.00000000 40.00000000 0.07797872]
[5000.00000000 90.00000000 40.00000000 0.07706454]
[5000.00000000 70.00000000 40.00000000 0.05801002]
[5000.00000000 50.00000000 40.00000000 0.04483704]
[4700.00000000 250.00000000 40.00000000 0.04156913]
[4700.00000000 230.00000000 40.00000000 0.04156913]
[4700.00000000 210.00000000 40.00000000 0.04027768]
[4700.00000000 190.00000000 40.00000000 0.05945686]
[4700.00000000 170.00000000 40.00000000 0.05139605]
[4700.00000000 150.00000000 40.00000000 0.08081734]
[4700.00000000 130.00000000 40.00000000 0.07894875]
[4700.00000000 110.00000000 40.00000000 0.07623643]
[4700.00000000 90.00000000 40.00000000 0.07094428]
[4700.00000000 70.00000000 40.00000000 0.05244209]
[4700.00000000 50.00000000 40.00000000 0.04174169]
[4400.00000000 250.00000000 40.00000000 0.03697689]
[4400.00000000 230.00000000 40.00000000 0.03697689]
[4400.00000000 210.00000000 40.00000000 0.03591361]
[4400.00000000 190.00000000 40.00000000 0.05575061]
[4400.00000000 170.00000000 40.00000000 0.06681165]
[4400.00000000 150.00000000 40.00000000 0.07558901]
[4400.00000000 130.00000000 40.00000000 0.07494091]
[4400.00000000 110.00000000 40.00000000 0.07147047]
[4400.00000000 90.00000000 40.00000000 0.05954290]
[4400.00000000 70.00000000 40.00000000 0.04599422]
[4400.00000000 50.00000000 40.00000000 0.03693297]
[4100.00000000 250.00000000 40.00000000 0.05734412]
[4100.00000000 230.00000000 40.00000000 0.05734412]
[4100.00000000 210.00000000 40.00000000 0.05638426]
[4100.00000000 190.00000000 40.00000000 0.05638426]
[4100.00000000 170.00000000 40.00000000 0.07733013]
[4100.00000000 150.00000000 40.00000000 0.06822040]
[4100.00000000 130.00000000 40.00000000 0.06697684]
[4100.00000000 110.00000000 40.00000000 0.05966225]
[4100.00000000 90.00000000 40.00000000 0.05017949]
[4100.00000000 70.00000000 40.00000000 0.04158646]
[4100.00000000 50.00000000 40.00000000 0.03274429]
[3800.00000000 250.00000000 40.00000000 0.07728362]
[3800.00000000 230.00000000 40.00000000 0.06310891]
[3800.00000000 210.00000000 40.00000000 0.06171842]
[3800.00000000 190.00000000 40.00000000 0.05567920]
[3800.00000000 170.00000000 40.00000000 0.06786287]
[3800.00000000 150.00000000 40.00000000 0.06484467]
[3800.00000000 130.00000000 40.00000000 0.06118023]
[3800.00000000 110.00000000 40.00000000 0.05550090]
[3800.00000000 90.00000000 40.00000000 0.04500532]
[3800.00000000 70.00000000 40.00000000 0.03683192]
[3800.00000000 50.00000000 40.00000000 0.02961747]
[3500.00000000 250.00000000 40.00000000 0.07721876]
[3500.00000000 230.00000000 40.00000000 0.06321450]
[3500.00000000 210.00000000 40.00000000 0.06321198]
[3500.00000000 190.00000000 40.00000000 0.05552834]
[3500.00000000 170.00000000 40.00000000 0.06747506]
[3500.00000000 150.00000000 40.00000000 0.05860864]
[3500.00000000 130.00000000 40.00000000 0.05382110]
[3500.00000000 110.00000000 40.00000000 0.04695979]
[3500.00000000 90.00000000 40.00000000 0.04063447]
[3500.00000000 70.00000000 40.00000000 0.03389524]
[3500.00000000 50.00000000 40.00000000 0.02782044]
