[4205.00000000 141.00000000 40.00000000 0.17877511]
[4205.00000000 140.00000000 40.00000000 0.17877511]
[4205.00000000 139.00000000 40.00000000 0.17615441]
[4202.00000000 141.00000000 40.00000000 0.17865882]
[4202.00000000 140.00000000 40.00000000 0.17865882]
[4202.00000000 139.00000000 40.00000000 0.17604151]
[4199.00000000 141.00000000 40.00000000 0.17853495]
[4199.00000000 140.00000000 40.00000000 0.17853495]
[4199.00000000 139.00000000 40.00000000 0.17592169]
[4196.00000000 141.00000000 40.00000000 0.17847209]
[4196.00000000 140.00000000 40.00000000 0.17847209]
[4196.00000000 139.00000000 40.00000000 0.17586333]
[4193.00000000 141.00000000 40.00000000 0.17868503]
[4193.00000000 140.00000000 40.00000000 0.17868503]
[4193.00000000 139.00000000 40.00000000 0.17607498]
[4190.00000000 141.00000000 40.00000000 0.17877853]
[4190.00000000 140.00000000 40.00000000 0.17877853]
[4190.00000000 139.00000000 40.00000000 0.17617021]
[4187.00000000 141.00000000 40.00000000 0.17905895]
[4187.00000000 140.00000000 40.00000000 0.17905895]
[4187.00000000 139.00000000 40.00000000 0.17644915]
[4184.00000000 141.00000000 40.00000000 0.17897167]
[4184.00000000 140.00000000 40.00000000 0.17636529]
[4184.00000000 139.00000000 40.00000000 0.17636529]
[4181.00000000 141.00000000 40.00000000 0.17688938]
[4181.00000000 140.00000000 40.00000000 0.17434329]
[4181.00000000 139.00000000 40.00000000 0.17434329]
[4178.00000000 141.00000000 40.00000000 0.17661170]
[4178.00000000 140.00000000 40.00000000 0.17407441]
[4178.00000000 139.00000000 40.00000000 0.17407441]
[4175.00000000 141.00000000 40.00000000 0.17642242]
[4175.00000000 140.00000000 40.00000000 0.17389095]
[4175.00000000 139.00000000 40.00000000 0.17389095]
